activity_type	activity_bin	ccre_class	n	n_MR	sum_MR	sum_MR_sq	n_phyloP	sum_phyloP	sum_phyloP_sq	n_conserved	n_tf_chip_peak	n_tf_footprint	prop	variant_type
mean_activity	[-Inf,1)	PLS	576116	569591	150866.684	192965.192438	575774	131926.3478312614	2302630.825172752	53954	141946	106378	0.3110334164028454	SNP
mean_activity	[-Inf,1)	dELS	63219659	63205836	18085676.74999998	26568832.455580052	63139292	1941349.7406386144	146969551.3653116	3178152	4258426	6303997	0.8574782721944773	SNP
mean_activity	[-Inf,1)	non-cCRE	387338224	387144349	98458568.24200092	139132355.7794989	382754146	-43856142.55453811	451567538.5440168	5418757	8466423	1392298	0.9609137712157468	SNP
mean_activity	[-Inf,1)	pELS	8428067	8420992	2187331.009	2828827.003317	8421022	191185.2968832536	19395251.354460254	408149	1674386	967829	0.7756885423577062	SNP
mean_activity	[1,2)	PLS	359429	359092	85503.656	87749.57059	359087	152351.57192312204	1866348.3879149137	48415	120491	131519	0.19404847257194438	SNP
mean_activity	[1,2)	dELS	8221797	8218580	2803454.071	4325164.590391	8205954	-605746.5468070201	21224995.598484527	396090	880148	1697043	0.11151613908410572	SNP
mean_activity	[1,2)	non-cCRE	12924212	12905158	4753375.782	8011998.099013994	12772840	-2713917.0241503897	17197568.329971127	156653	739113	298906	0.032062555470672605	SNP
mean_activity	[1,2)	pELS	1694940	1693167	439121.809	514009.025123	1692151	248525.55216378995	5556950.2823963445	136247	498702	484649	0.15599609471350556	SNP
mean_activity	[2,3)	PLS	277995	277868	56190.334	41197.089228	277825	154471.79396395426	1700977.4627618869	46702	104791	132761	0.15008389732781072	SNP
mean_activity	[2,3)	dELS	1662400	1660879	583138.882	890798.153406	1657786	-134631.42275192388	4431423.632144853	82158	213721	455595	0.02254792104614324	SNP
mean_activity	[2,3)	non-cCRE	2137094	2132609	854274.817	1455939.147799	2108325	-443651.95546761906	2708013.626935534	24857	152161	86639	0.0053017309620920485	SNP
mean_activity	[2,3)	pELS	481065	479732	115316.228	116291.552688	479921	185944.3170529615	2135398.5212531667	59072	160785	193215	0.0442754677471489	SNP
mean_activity	[3,4)	PLS	257711	257642	48965.183	29992.927441	257505	161108.92099203216	1821615.2384211724	48999	102740	136496	0.13913297456518078	SNP
mean_activity	[3,4)	dELS	461202	460677	152410.685	223275.054505	458831	-40609.72884682914	1181287.3288907567	20862	62463	138391	0.0062555018541406125	SNP
mean_activity	[3,4)	non-cCRE	548220	546962	182108.786	285637.043028	535399	-80871.30759287893	667846.8588586765	7608	42228	28931	0.0013600314015378373	SNP
mean_activity	[3,4)	pELS	169020	168789	37211.181	31942.793637	168655	98790.9890123806	917150.9904615196	26812	59369	80775	0.015555984240431349	SNP
mean_activity	[4,5)	PLS	224564	224376	40411.748	21166.729796	224410	145857.53196870218	1652770.6770371152	44340	91231	126087	0.12123757736478169	SNP
mean_activity	[4,5)	dELS	133090	132846	40306.576	55924.508192	131987	-12697.917945516774	315394.146341204	5609	20547	43368	0.0018051629042536116	SNP
mean_activity	[4,5)	non-cCRE	125968	125709	41120.196	63419.916714	120758	-14054.299942930002	194388.79576170832	2937	11929	10064	3.12503074657835e-4	SNP
mean_activity	[4,5)	pELS	68617	68479	13924.252	10156.04493	68523	47457.804013361456	427020.0510917771	12105	25710	36439	0.006315258375492118	SNP
mean_activity	[5,Inf)	PLS	156449	156430	26389.905	11676.446463	156177	104167.45603070114	1188599.1861615777	31362	69274	87449	0.08446366176743704	SNP
mean_activity	[5,Inf)	dELS	29270	29174	9174.603	13142.984015	28896	-4638.709002010641	75076.366258033	1190	4630	10659	3.970029168795793e-4	SNP
mean_activity	[5,Inf)	non-cCRE	19916	19824	7543.343	12088.837357	18778	326.1390190513372	57096.220984761465	1124	2799	2904	4.940787529281596e-5	SNP
mean_activity	[5,Inf)	pELS	23563	23544	4636.256	3087.644456	23562	18599.919013185085	169495.0353868711	4694	10054	12702	0.0021686525657157963	SNP
mean_activity	[-Inf,1)	PLS	57497	NA	NA	NA	NA	NA	NA	NA	NA	NA	0.3006583454038706	Indel
mean_activity	[-Inf,1)	dELS	5830093	NA	NA	NA	NA	NA	NA	NA	NA	NA	0.8415407022061583	Indel
mean_activity	[-Inf,1)	non-cCRE	42978593	NA	NA	NA	NA	NA	NA	NA	NA	NA	0.9488405640898319	Indel
mean_activity	[-Inf,1)	pELS	864609	NA	NA	NA	NA	NA	NA	NA	NA	NA	0.7597885690182432	Indel
mean_activity	[1,2)	PLS	35981	NA	NA	NA	NA	NA	NA	NA	NA	NA	0.18814873690760678	Indel
mean_activity	[1,2)	dELS	866370	NA	NA	NA	NA	NA	NA	NA	NA	NA	0.12505557255610664	Indel
mean_activity	[1,2)	non-cCRE	2021455	NA	NA	NA	NA	NA	NA	NA	NA	NA	0.04462776393080646	Indel
mean_activity	[1,2)	pELS	191265	NA	NA	NA	NA	NA	NA	NA	NA	NA	0.16807708531055573	Indel
mean_activity	[2,3)	PLS	27554	NA	NA	NA	NA	NA	NA	NA	NA	NA	0.14408299649126477	Indel
mean_activity	[2,3)	dELS	165988	NA	NA	NA	NA	NA	NA	NA	NA	NA	0.02395942192994105	Indel
mean_activity	[2,3)	non-cCRE	229216	NA	NA	NA	NA	NA	NA	NA	NA	NA	0.005060413186127682	Indel
mean_activity	[2,3)	pELS	52216	NA	NA	NA	NA	NA	NA	NA	NA	NA	0.0458856198811909	Indel
mean_activity	[3,4)	PLS	26146	NA	NA	NA	NA	NA	NA	NA	NA	NA	0.1367204045242291	Indel
mean_activity	[3,4)	dELS	46975	NA	NA	NA	NA	NA	NA	NA	NA	NA	0.006780573566516741	Indel
mean_activity	[3,4)	non-cCRE	51516	NA	NA	NA	NA	NA	NA	NA	NA	NA	0.001137321328775276	Indel
mean_activity	[3,4)	pELS	18789	NA	NA	NA	NA	NA	NA	NA	NA	NA	0.016511125171359275	Indel
mean_activity	[4,5)	PLS	26199	NA	NA	NA	NA	NA	NA	NA	NA	NA	0.13699754754571553	Indel
mean_activity	[4,5)	dELS	14482	NA	NA	NA	NA	NA	NA	NA	NA	NA	0.0020903941754187427	Indel
mean_activity	[4,5)	non-cCRE	12357	NA	NA	NA	NA	NA	NA	NA	NA	NA	2.7280611188128126e-4	Indel
mean_activity	[4,5)	pELS	8261	NA	NA	NA	NA	NA	NA	NA	NA	NA	0.007259481879855179	Indel
mean_activity	[5,Inf)	PLS	17860	NA	NA	NA	NA	NA	NA	NA	NA	NA	0.09339196912731323	Indel
mean_activity	[5,Inf)	dELS	3972	NA	NA	NA	NA	NA	NA	NA	NA	NA	5.73335565858531e-4	Indel
mean_activity	[5,Inf)	non-cCRE	2769	NA	NA	NA	NA	NA	NA	NA	NA	NA	6.11313525774272e-5	Indel
mean_activity	[5,Inf)	pELS	2820	NA	NA	NA	NA	NA	NA	NA	NA	NA	0.00247811873879574	Indel
