skew_type	skew_bin_coarse	ccre_class	indel_type	COMMON	SINGLETON	gw_COMMON	gw_SINGLETON	odds	lci	uci	log2odds	log2lci	log2uci
HepG2_skew	< -0.5	PLS	Deletion	31	1752	3204935	25747115	6.819429989449708	4.812602448864479	10.000687101375282	2.7696511548268914	2.2668172525692984	3.322027219256648
HepG2_skew	< -0.5	PLS	Insertion	11	577	3204935	25747115	5.995779187728512	3.4060195948279954	11.672247526896477	2.583947252759586	1.7680867348637423	3.5450104780158735
HepG2_skew	< -0.5	pELS	Deletion	121	3780	3204935	25747115	3.8582030544483374	3.2212449042118285	4.659152119636722	1.9479290733861747	1.6876183498422441	2.2200674346882248
HepG2_skew	< -0.5	pELS	Insertion	45	1239	3204935	25747115	3.3555951408375786	2.5002143146095444	4.607460453737803	1.7465686622794736	1.3220517658362918	2.203971783123226
HepG2_skew	< -0.5	dELS	Deletion	669	22391	3204935	25747115	4.162901348214086	3.8547803080176783	4.502063797977276	2.0575893701214913	1.9466486402790835	2.170586501121985
HepG2_skew	< -0.5	dELS	Insertion	260	6321	3204935	25747115	3.015617949390386	2.664077624750285	3.4264506834312733	1.592453664205642	1.41363611965044	1.7767149225803731
HepG2_skew	< -0.5	non-cCRE	Deletion	1151	29833	3204935	25747115	3.2262456623541205	3.0417222963925035	3.424959837013289	1.6898562966355857	1.6048884436916884	1.7760870703267442
HepG2_skew	< -0.5	non-cCRE	Insertion	466	7980	3204935	25747115	2.127663558418938	1.9378076402420803	2.3408898155754034	1.0892700394788433	0.9544253662935344	1.227057029168409
HepG2_skew	< -0.5	Other cCREs	Deletion	300	6729	3204935	25747115	2.7836356744358013	2.4797065454241936	3.134993945110839	1.4769704018908383	1.310169398631784	1.648462656626357
HepG2_skew	< -0.5	Other cCREs	Insertion	88	1823	3204935	25747115	2.5512008072391197	2.0616475662815716	3.1927439979758105	1.3511764591937532	1.0437977285184015	1.6747968787278107
HepG2_skew	[-0.5,-0.2)	PLS	Deletion	108	3641	3204935	25747115	4.159595288340786	3.4375965430934676	5.0799714176640896	2.056443166850221	1.7814002314261361	2.344820379731638
HepG2_skew	[-0.5,-0.2)	PLS	Insertion	139	2846	3204935	25747115	2.531509705914985	2.135976433076527	3.0213452355532295	1.3399980156119635	1.0948957293891426	1.5951910437690677
HepG2_skew	[-0.5,-0.2)	pELS	Deletion	459	12382	3204935	25747115	3.3520126496039704	3.0540334792000525	3.6868906650604165	1.7450275933948072	1.6107158774625794	1.8824046338675975
HepG2_skew	[-0.5,-0.2)	pELS	Insertion	515	7610	3204935	25747115	1.8362893280675094	1.6793921900180382	2.011420157061678	0.8767933895155903	0.7479391835339243	1.0082144715964838
HepG2_skew	[-0.5,-0.2)	dELS	Deletion	2639	71967	3204935	25747115	3.400042012530993	3.2703199509224405	3.5357240046391536	1.7655525730969908	1.7094317883314762	1.8220056636776851
HepG2_skew	[-0.5,-0.2)	dELS	Insertion	2905	37949	3204935	25747115	1.626497827451767	1.5661886557753832	1.6896556717251479	0.7017688953414456	0.6472580034071098	0.7567292753195414
HepG2_skew	[-0.5,-0.2)	non-cCRE	Deletion	7956	176119	3204935	25747115	2.767271829732162	2.7056775713262993	2.8304814589599503	1.4684643671660027	1.4359899272805168	1.5010474733312538
HepG2_skew	[-0.5,-0.2)	non-cCRE	Insertion	9901	102435	3204935	25747115	1.2888435827226936	1.2624826737229096	1.3158978038001847	0.366077185248669	0.33626358849369137	0.3960474498058756
HepG2_skew	[-0.5,-0.2)	Other cCREs	Deletion	986	22989	3204935	25747115	2.90112929178716	2.7218367461189144	3.095138978055459	1.5366145921452459	1.4445805375884775	1.630004190844981
HepG2_skew	[-0.5,-0.2)	Other cCREs	Insertion	1043	12558	3204935	25747115	1.4976685223092774	1.405878629334568	1.5968675312774325	0.5827183486706203	0.4914720507296434	0.6752446384249233
HepG2_skew	[-0.2,-0.05)	PLS	Deletion	667	10595	3204935	25747115	1.9748963575464265	1.8261232673292969	2.138675041254159	0.9817769427189835	0.868784153691437	1.096717290363536
HepG2_skew	[-0.2,-0.05)	PLS	Insertion	721	9888	3204935	25747115	1.7051980498492274	1.5809039483413558	1.8416115054501232	0.7699393104763816	0.6607497159181768	0.8809687518342935
HepG2_skew	[-0.2,-0.05)	pELS	Deletion	4909	63389	3204935	25747115	1.6085503093692268	1.562454236957708	1.6563707956426135	0.6857610587400771	0.6438139350028662	0.7280256711185417
HepG2_skew	[-0.2,-0.05)	pELS	Insertion	3308	36694	3204935	25747115	1.380929899794784	1.332647113382387	1.4313852283748107	0.4656400858629429	0.4142948035525694	0.5174119965037899
HepG2_skew	[-0.2,-0.05)	dELS	Deletion	30999	413938	3204935	25747115	1.67294984044256	1.6537004766840422	1.6925191682220908	0.7423941901284418	0.7256979528080238	0.7591721727913259
HepG2_skew	[-0.2,-0.05)	dELS	Insertion	18123	196924	3204935	25747115	1.3552178218389557	1.3346650572392937	1.3761864801545904	0.4385247521186556	0.41647773375672914	0.46067597568368984
HepG2_skew	[-0.2,-0.05)	non-cCRE	Deletion	193520	1977129	3204935	25747115	1.2943401971523008	1.2881656426076395	1.3005803984367996	0.3722168570825327	0.3653181186105232	0.379155585625296
HepG2_skew	[-0.2,-0.05)	non-cCRE	Insertion	107111	874633	3204935	25747115	1.0170123753241764	1.010466032989873	1.0235844772148697	0.02433723446600582	0.015020826061344455	0.03363017400725349
HepG2_skew	[-0.2,-0.05)	Other cCREs	Deletion	13663	156132	3204935	25747115	1.4249305041735567	1.4002184743034056	1.4502201938297943	0.5108915587657491	0.48565194660118394	0.5362719681217208
HepG2_skew	[-0.2,-0.05)	Other cCREs	Insertion	8702	75788	3204935	25747115	1.0842537815351143	1.0603937476499434	1.1087220922788041	0.11670247487493124	0.08460006884759706	0.14889779080576152
HepG2_skew	[-0.05,0.05)	PLS	Deletion	1801	22554	3204935	25747115	1.5585298363957885	1.4854803749134975	1.636048673445268	0.6401857740895021	0.5709295454614466	0.7102156699749813
HepG2_skew	[-0.05,0.05)	PLS	Insertion	2198	15730	3204935	25747115	0.8904259739103385	0.8514790898616487	0.931501288225948	-0.16743241788011656	-0.2319569934313569	-0.10237033053429632
HepG2_skew	[-0.05,0.05)	pELS	Deletion	16526	192148	3204935	25747115	1.4505835973002696	1.4276094048112304	1.4740291268085508	0.5366334406136161	0.5136013107233265	0.5597650323618035
HepG2_skew	[-0.05,0.05)	pELS	Insertion	18740	103050	3204935	25747115	0.6831991032963797	0.6725927760626998	0.6939508804411468	-0.5496220134750878	-0.5721948111083355	-0.5270945459914526
HepG2_skew	[-0.05,0.05)	dELS	Deletion	106957	1286719	3204935	25747115	1.523649432705025	1.5140742419392565	1.5334010693250688	0.6075310000245923	0.5984359489508182	0.6167350910273783
HepG2_skew	[-0.05,0.05)	dELS	Insertion	115988	629886	3204935	25747115	0.6678618832247148	0.6636057106539864	0.6721438940268077	-0.5823783170223306	-0.5916017934387683	-0.5731579735260539
HepG2_skew	[-0.05,0.05)	non-cCRE	Deletion	948063	9634620	3204935	25747115	1.4234454713732125	1.4198270489813587	1.4270703166461034	0.5093872281091748	0.5057152038333338	0.5130564230948965
HepG2_skew	[-0.05,0.05)	non-cCRE	Insertion	1028617	4678677	3204935	25747115	0.46984753355088243	0.4686334448673961	0.4710596771542478	-1.0897354195339612	-1.093468176489677	-1.0860182527124929
HepG2_skew	[-0.05,0.05)	Other cCREs	Deletion	60412	577211	3204935	25747115	1.1936201542633467	1.1835984073002042	1.2038417933265035	0.2553438008015523	0.2431796602946553	0.2676458082269056
HepG2_skew	[-0.05,0.05)	Other cCREs	Insertion	61379	284584	3204935	25747115	0.5724081816543585	0.567369792017795	0.5774896015867556	-0.8048838016700706	-0.8176387544024647	-0.7921331256301519
HepG2_skew	[0.05,0.2)	PLS	Deletion	647	11863	3204935	25747115	2.2796051473533114	2.106117292490674	2.470935852975317	1.1887839554043158	1.0745857842186026	1.3050575578963026
HepG2_skew	[0.05,0.2)	PLS	Insertion	786	6670	3204935	25747115	1.0551508109876042	0.9798258658218377	1.137488335588771	0.07744921572337955	-0.02940271794271394	0.18585175122384626
HepG2_skew	[0.05,0.2)	pELS	Deletion	3583	64773	3204935	25747115	2.2528481664453457	2.1782806971783057	2.330670203208707	1.1717500845907691	1.123189874318386	1.2207448732539938
HepG2_skew	[0.05,0.2)	pELS	Insertion	5385	34092	3204935	25747115	0.7876532986160792	0.7652904117507268	0.8107934590640065	-0.34436735661965756	-0.3859207704986977	-0.30259364472831335
HepG2_skew	[0.05,0.2)	dELS	Deletion	19733	364209	3204935	25747115	2.3159699142661423	2.283008431360511	2.349551275318002	1.2116165120400333	1.19093618757818	1.2323852526676538
HepG2_skew	[0.05,0.2)	dELS	Insertion	32321	194850	3204935	25747115	0.7485029647248901	0.7396829165831399	0.7574021346074827	-0.4179200642610841	-0.4350211386169736	-0.40086860767177684
HepG2_skew	[0.05,0.2)	non-cCRE	Deletion	111037	1541395	3204935	25747115	1.774308836976924	1.7632604900971103	1.78533021635412	0.8272571476298605	0.8182456227071628	0.8361909411652763
HepG2_skew	[0.05,0.2)	non-cCRE	Insertion	205838	1013160	3204935	25747115	0.5968279189449915	0.5939034707958041	0.5997489495109144	-0.7446130700492732	-0.751699631068337	-0.7375693693160832
HepG2_skew	[0.05,0.2)	Other cCREs	Deletion	9868	139291	3204935	25747115	1.761003194479683	1.7254016751780412	1.7975902308295177	0.8163975262365925	0.7869322617915023	0.8460641891920369
HepG2_skew	[0.05,0.2)	Other cCREs	Insertion	13864	75864	3204935	25747115	0.6801636814432374	0.6679359396081439	0.6926402405533841	-0.5560461220680321	-0.5822183515314419	-0.5298218881775729
HepG2_skew	[0.2,0.5)	PLS	Deletion	151	3226	3204935	25747115	2.642897452993746	2.2455864793283524	3.130560931436186	1.4021204480867357	1.1670922825253038	1.6464211812781098
HepG2_skew	[0.2,0.5)	PLS	Insertion	103	1871	3204935	25747115	2.2406867276555404	1.8384969098386528	2.7567603749459844	1.1639409585089318	0.8785267516490701	1.4629738698502763
HepG2_skew	[0.2,0.5)	pELS	Deletion	579	14299	3204935	25747115	3.070165359208909	2.8255202991672155	3.341585772681027	1.6183163612912332	1.4985165538684453	1.740532906128838
HepG2_skew	[0.2,0.5)	pELS	Insertion	401	5817	3204935	25747115	1.8016978603106153	1.628184842168488	1.9983020210216569	0.8493570955139875	0.7032644930575646	0.9987746468445982
HepG2_skew	[0.2,0.5)	dELS	Deletion	3279	74747	3204935	25747115	2.842070143053661	2.7442943150664227	2.9439478435577833	1.5069421611207703	1.4564352133318772	1.5577521121194235
HepG2_skew	[0.2,0.5)	dELS	Insertion	2079	26825	3204935	25747115	1.6060314949864527	1.5359271711804785	1.6801182689159788	0.6835001850191371	0.6191098096347484	0.7485627925117606
HepG2_skew	[0.2,0.5)	non-cCRE	Deletion	11361	209684	3204935	25747115	2.3078778174826313	2.264589142440782	2.3521347129561607	1.206566847563177	1.1792493302142684	1.233970689489001
HepG2_skew	[0.2,0.5)	non-cCRE	Insertion	6231	81965	3204935	25747115	1.6392169489444983	1.5974520964112071	1.6822843757030965	0.7130068065138727	0.6757726690087618	0.7504216013948192
HepG2_skew	[0.2,0.5)	Other cCREs	Deletion	1385	25203	3204935	25747115	2.264826224281881	2.145446161503282	2.3923302995677544	1.1794003593290912	1.1012776981001484	1.2584165904771434
HepG2_skew	[0.2,0.5)	Other cCREs	Insertion	710	9042	3204935	25747115	1.5833970804559567	1.4667683101069187	1.7114082549522733	0.6630230963896033	0.5526410017147971	0.7751839545311607
HepG2_skew	> 0.5	PLS	Deletion	14	619	3204935	25747115	5.145170701898538	3.0952112590798286	9.249023135676588	2.363218942366507	1.6300378818225245	3.2093009989546686
HepG2_skew	> 0.5	PLS	Insertion	21	470	3204935	25747115	2.664982020582058	1.7393058454507648	4.293631377651759	1.414125799811993	0.7985116433507113	2.1021983364081636
HepG2_skew	> 0.5	pELS	Deletion	68	2686	3204935	25747115	4.847808906201103	3.8177777057591284	6.2494521943420365	2.2773328309252205	1.9327331027063932	2.643729733591792
HepG2_skew	> 0.5	pELS	Insertion	86	1731	3204935	25747115	2.4782047233663724	1.997408390930227	3.11029623033298	1.3092953727834293	0.9981293369548054	1.6370519918285311
HepG2_skew	> 0.5	dELS	Deletion	399	13108	3204935	25747115	4.081008637325784	3.6944594760836638	4.519305448093255	2.0289257640176963	1.8853633039609876	2.176101068307265
HepG2_skew	> 0.5	dELS	Insertion	522	7676	3204935	25747115	1.8274230941735998	1.6722660720814189	2.00049404808161	0.8698106926406447	0.7418044110150637	1.0003563363486392
HepG2_skew	> 0.5	non-cCRE	Deletion	821	25836	3204935	25747115	3.915487842537551	3.6525426490199298	4.202038896241706	1.9691920684775033	1.868901118797514	2.0710895164029868
HepG2_skew	> 0.5	non-cCRE	Insertion	1163	16732	3204935	25747115	1.7899299663220412	1.6865619885462635	1.9010847811435476	0.8399031409998798	0.7540853446974468	0.9268228721274234
HepG2_skew	> 0.5	Other cCREs	Deletion	118	3797	3204935	25747115	3.9732593997205696	3.3100451996112	4.809749447590845	1.9903229848365314	1.7268509175792304	2.2659617422005183
HepG2_skew	> 0.5	Other cCREs	Insertion	185	2404	3204935	25747115	1.6095638015307694	1.3860174936718859	1.878655845158358	0.6866697649657671	0.47094546661971876	0.9097008006808274
K562_skew	< -0.5	PLS	Deletion	68	2921	3204935	25747115	5.271837195378443	4.1526438440017905	6.794249868383669	2.3983058177953476	2.0540301427653263	2.764314276393336
K562_skew	< -0.5	PLS	Insertion	31	1138	3204935	25747115	4.4307737891520365	3.1208458485005086	6.509352171517092	2.147558672660169	1.6419370983349053	2.7025139695896807
K562_skew	< -0.5	pELS	Deletion	196	5710	3204935	25747115	3.6091637073255236	3.1307411858863494	4.181563010637812	1.8516645836314312	1.6465042477702063	2.064042302643316
K562_skew	< -0.5	pELS	Insertion	67	2116	3204935	25747115	3.875515020501904	3.044002799025733	5.009542712234428	1.9543880441034558	1.6059696854310404	2.3246789154161394
K562_skew	< -0.5	dELS	Deletion	1066	30372	3204935	25747115	3.546355714612162	3.3362104627490496	3.773081312333204	1.8263372519637924	1.7382103031671323	1.9157431914906746
K562_skew	< -0.5	dELS	Insertion	405	9402	3204935	25747115	2.8836004723285256	2.610620565220426	3.1925542496399753	1.5278712906124226	1.384392787618642	1.6747111352049269
K562_skew	< -0.5	non-cCRE	Deletion	2041	48857	3204935	25747115	2.982078866745167	2.852682711311253	3.1185932982175912	1.5763184129391143	1.512319292565117	1.640895420329147
K562_skew	< -0.5	non-cCRE	Insertion	773	13672	3204935	25747115	2.1995802569124137	2.045735807440834	2.367815656894316	1.1372282423651736	1.0326198430767506	1.2435567662553981
K562_skew	< -0.5	Other cCREs	Deletion	402	9781	3204935	25747115	3.02220614515774	2.73536404068621	3.347287275345015	1.5956020703152958	1.4517328493770891	1.7429923732324926
K562_skew	< -0.5	Other cCREs	Insertion	152	2928	3204935	25747115	2.3831300804322026	2.025062032941361	2.8222647539145775	1.2528577015376612	1.0179661021928832	1.4968533321036561
K562_skew	[-0.5,-0.2)	PLS	Deletion	187	4387	3204935	25747115	2.9056839906159837	2.5104509551870193	3.3804966764128217	1.5388778103481064	1.3279465404211825	1.7572352287428754
K562_skew	[-0.5,-0.2)	PLS	Insertion	148	3326	3204935	25747115	2.779671944464925	2.3584281962193465	3.2979030092060007	1.4749146268261677	1.2378256778082797	1.7215489699715212
K562_skew	[-0.5,-0.2)	pELS	Deletion	770	14730	3204935	25747115	2.379101926011778	2.2127994524400103	2.5611050453086324	1.2504170813476418	1.1458727046043982	1.3567664271789837
K562_skew	[-0.5,-0.2)	pELS	Insertion	471	8112	3204935	25747115	2.1399496265588125	1.95002562274533	2.3530726628527696	1.0975768366408438	0.9634930806747634	1.2345458716539024
K562_skew	[-0.5,-0.2)	dELS	Deletion	4311	81160	3204935	25747115	2.347179271483868	2.276359350592069	2.42068447281839	1.2309280353862628	1.1867283223169511	1.2754150416803791
K562_skew	[-0.5,-0.2)	dELS	Insertion	2524	38052	3204935	25747115	1.8772329298384736	1.8030417786828794	1.9552885197624015	0.9086076730102317	0.8504328261658672	0.9673815053937787
K562_skew	[-0.5,-0.2)	non-cCRE	Deletion	15323	252086	3204935	25747115	2.058070906439393	2.02469620512	2.0921607962828257	1.041292688065826	1.0177054555299927	1.064993736424723
K562_skew	[-0.5,-0.2)	non-cCRE	Insertion	8818	113076	3204935	25747115	1.5986760368280208	1.564350392397208	1.633889458811203	0.6768776139811689	0.645563692156844	0.70831038090128
K562_skew	[-0.5,-0.2)	Other cCREs	Deletion	1750	28752	3204935	25747115	2.045198704500511	1.9487674055794975	2.14744694057417	1.032241017284922	0.9625619085323399	1.1026224854889095
K562_skew	[-0.5,-0.2)	Other cCREs	Insertion	901	13076	3204935	25747115	1.805055673816636	1.687046183345012	1.9331918415441576	0.8520433352290581	0.754499468332548	0.9509848114297853
K562_skew	[-0.2,-0.05)	PLS	Deletion	751	9922	3204935	25747115	1.6427872704553546	1.5252115154159958	1.771574298964512	0.7161456733925448	0.60900932863066215	0.8250319726534318
K562_skew	[-0.2,-0.05)	PLS	Insertion	622	8164	3204935	25747115	1.6315941735291002	1.5036799130534362	1.7729322720570067	0.7062822603457448	0.5884974945440415	0.8261374247680222
K562_skew	[-0.2,-0.05)	pELS	Deletion	5473	60501	3204935	25747115	1.3766864934278262	1.3390685372310898	1.415648242947126	0.4612000584761261	0.4212298036741229	0.5014628323707224
K562_skew	[-0.2,-0.05)	pELS	Insertion	2818	31882	3204935	25747115	1.408350788938022	1.355029100466616	1.4641820912753716	0.4940067220641428	0.4383238350832493	0.5500949838432446
K562_skew	[-0.2,-0.05)	dELS	Deletion	33927	388126	3204935	25747115	1.430477168192573	1.4146132522736339	1.4465603431946172	0.5164964710282962	0.5004076818264394	0.53262650647651
K562_skew	[-0.2,-0.05)	dELS	Insertion	15606	170768	3204935	25747115	1.3644273629327848	1.3422054909484475	1.3871167698103637	0.4482955929073953	0.42460556429303026	0.4720892412558777
K562_skew	[-0.2,-0.05)	non-cCRE	Deletion	223091	2030702	3204935	25747115	1.1444485612065367	1.1392515676154935	1.149682132393488	0.19465262046462672	0.18808635571765248	0.20123503559629421
K562_skew	[-0.2,-0.05)	non-cCRE	Insertion	93491	757179	3204935	25747115	1.0083741733256393	1.001453934689263	1.0153868363916847	0.012031073197850657	0.0020960609670757635	0.022029462013403753
K562_skew	[-0.2,-0.05)	Other cCREs	Deletion	16916	154340	3204935	25747115	1.1365018350969671	1.1185387398826567	1.1547572038370983	0.18460001366139786	0.16161522409370385	0.20758954632346363
K562_skew	[-0.2,-0.05)	Other cCREs	Insertion	6942	64853	3204935	25747115	1.1631743501610248	1.1346521411987884	1.192501248333709	0.2180673610074434	0.1822500674825588	0.25399077647305823
K562_skew	[-0.05,0.05)	PLS	Deletion	1695	21660	3204935	25747115	1.590299771286749	1.513540047424675	1.6718730014004264	0.6692987389594163	0.5979268485758056	0.741465261767776
K562_skew	[-0.05,0.05)	PLS	Insertion	2018	14423	3204935	25747115	0.889238341666098	0.8486656573187672	0.9320870725734759	-0.1693579398884123	-0.23673179732879227	-0.10146336178645575
K562_skew	[-0.05,0.05)	pELS	Deletion	16189	198120	3204935	25747115	1.52731875100656	1.5029207850401163	1.5521748569014597	0.6110011836191939	0.5877689706371698	0.6342910903696755
K562_skew	[-0.05,0.05)	pELS	Insertion	18093	102845	3204935	25747115	0.7063582582370541	0.6952224029350115	0.7176462764521153	-0.5015280044685283	-0.5244535223977574	-0.4786551713869111
K562_skew	[-0.05,0.05)	dELS	Deletion	105682	1335670	3204935	25747115	1.6045643430067211	1.5944046474677418	1.614870102324657	0.6821816428297548	0.6730178205510812	0.6914181214089634
K562_skew	[-0.05,0.05)	dELS	Insertion	113175	640867	3204935	25747115	0.6973326495674453	0.6928859185598691	0.7018634801255743	-0.5200810637626967	-0.5293102580751822	-0.5107376565222573
K562_skew	[-0.05,0.05)	non-cCRE	Deletion	928206	9640323	3204935	25747115	1.4680767160981312	1.464320171527601	1.4718557552899636	0.5539273598994338	0.5502310313360631	0.557636291418929
K562_skew	[-0.05,0.05)	non-cCRE	Insertion	1001379	4643398	3204935	25747115	0.4841702464494408	0.48295056764823446	0.485444478187308	-1.0464136702773832	-1.0500525651604504	-1.0426217953795818
K562_skew	[-0.05,0.05)	Other cCREs	Deletion	58399	586372	3204935	25747115	1.2556455579261778	1.2449223161499945	1.266518366899527	0.3284292795262952	0.316055720123211	0.34086799899492953
K562_skew	[-0.05,0.05)	Other cCREs	Insertion	59426	284971	3204935	25747115	0.5924013314709524	0.5871685252607833	0.5977073363830457	-0.7553532116806195	-0.7681534592457508	-0.7424888440788686
K562_skew	[0.05,0.2)	PLS	Deletion	535	10613	3204935	25747115	2.465538845722101	2.260401841688461	2.6939651106487914	1.3019029833558213	1.1765792697542132	1.429731166679983
K562_skew	[0.05,0.2)	PLS	Insertion	890	6943	3204935	25747115	0.9701009574370794	0.9045999555153287	1.041341287034586	-0.04379319994359077	-0.14464816986410972	0.05844297201756961
K562_skew	[0.05,0.2)	pELS	Deletion	2949	56235	3204935	25747115	2.375927779896898	2.2894476783102657	2.4664461933854214	1.2484909837951956	1.1949995948848646	1.3024338146453014
K562_skew	[0.05,0.2)	pELS	Insertion	6095	34061	3204935	25747115	0.6951304050264121	0.6764193954132199	0.7144763304306149	-0.5246444450555781	-0.5640100672132445	-0.4850418771785899
K562_skew	[0.05,0.2)	dELS	Deletion	16224	320193	3204935	25747115	2.4748582514874453	2.4359416198243635	2.5144084319117397	1.3073458966134954	1.284479557793038	1.3302190152451874
K562_skew	[0.05,0.2)	dELS	Insertion	35714	192690	3204935	25747115	0.6691132347009036	0.6615278327921658	0.6767630608186096	-0.5796777146370439	-0.59612623787471	-0.5632772696744394
K562_skew	[0.05,0.2)	non-cCRE	Deletion	93979	1378494	3204935	25747115	1.872541202031011	1.8600847725278764	1.8851593931320114	0.904997463042825	0.8953683730099864	0.9146865107402404
K562_skew	[0.05,0.2)	non-cCRE	Insertion	239487	1097452	3204935	25747115	0.5513042718662805	0.548765791534575	0.5538382035912136	-0.8590793144697281	-0.8657375439918614	-0.8524635210839323
K562_skew	[0.05,0.2)	Other cCREs	Deletion	7878	121700	3204935	25747115	1.92709132410495	1.8836870435503135	1.9717525500369106	0.9464249420080078	0.9135592949814039	0.9794785084933828
K562_skew	[0.05,0.2)	Other cCREs	Insertion	16844	79629	3204935	25747115	0.5871576333363835	0.5774730753526456	0.5970688483007681	-0.7681802213598413	-0.7921744123599705	-0.7440307959347304
K562_skew	[0.2,0.5)	PLS	Deletion	155	3630	3204935	25747115	2.8975626032272523	2.4678266320315125	3.423439301425487	1.534839831685524	1.303241046880482	1.775446433254132
K562_skew	[0.2,0.5)	PLS	Insertion	205	2865	3204935	25747115	1.7318889757085112	1.5030757602111482	2.0047145453614474	0.7923464477732438	0.5879177279012192	1.003396823557902
K562_skew	[0.2,0.5)	pELS	Deletion	553	14139	3204935	25747115	3.1782948242746465	2.9191524427110016	3.465764739801493	1.6682529578489993	1.5455495526012566	1.7931737259807208
K562_skew	[0.2,0.5)	pELS	Insertion	775	8068	3204935	25747115	1.294407663374548	1.2023058421517523	1.395171598810909	0.3722920541967591	0.26580393500917754	0.48044257691346764
K562_skew	[0.2,0.5)	dELS	Deletion	2889	72704	3204935	25747115	3.1375727098701014	3.023128418329108	3.257436942985353	1.6496488923553805	1.5960422639644731	1.70373725157228
K562_skew	[0.2,0.5)	dELS	Insertion	3980	36360	3204935	25747115	1.1371467495573289	1.1004594577512627	1.175260827155689	0.18541844701560536	0.1381059955896617	0.23298097150111796
K562_skew	[0.2,0.5)	non-cCRE	Deletion	10134	208171	3204935	25747115	2.5694480780741427	2.518645120950508	2.6215109447001606	1.3614584992877319	1.3326478595423918	1.3903985690591831
K562_skew	[0.2,0.5)	non-cCRE	Insertion	13630	122823	3204935	25747115	1.1222226383067508	1.1024741142112289	1.1423725083533307	0.16635892132774108	0.14074478209797517	0.19203316587009722
K562_skew	[0.2,0.5)	Other cCREs	Deletion	1186	24761	3204935	25747115	2.598263013643424	2.4510849190175286	2.7562796388677313	1.3775474774652565	1.2934204679351455	1.4627222643636149
K562_skew	[0.2,0.5)	Other cCREs	Insertion	1439	12636	3204935	25747115	1.0924320098723512	1.0343655742794282	1.1544285088291093	0.127543492931981	0.04874616533154468	0.20717883300699685
K562_skew	> 0.5	PLS	Deletion	28	1117	3204935	25747115	4.79898813988901	3.3226010546275067	7.200734293601081	2.2627302476145457	1.7323130787468595	2.8481440326272955
K562_skew	> 0.5	PLS	Insertion	65	1193	3204935	25747115	2.251970714488768	1.7569575257899877	2.9310544055189554	1.1711880661674583	0.8130793148108137	1.551419747230432
K562_skew	> 0.5	pELS	Deletion	115	4022	3204935	25747115	4.317527863952446	3.5892235699214377	5.238610289416833	2.1102054884794565	1.8436717902956063	2.389184141060603
K562_skew	> 0.5	pELS	Insertion	161	3149	3204935	25747115	2.4205711358605595	2.0665044306130347	2.8526118701537246	1.2753474928127886	1.04719245687316	1.5122834654276385
K562_skew	> 0.5	dELS	Deletion	576	18854	3204935	25747115	4.0698805237574955	3.745963832548385	4.4287997523680405	2.024986443063372	1.9053369703617968	2.1469157674204107
K562_skew	> 0.5	dELS	Insertion	794	12292	3204935	25747115	1.9252228558478064	1.791711519244551	2.071048146124523	0.9450254558944144	0.841338369952146	1.0503610926060842
K562_skew	> 0.5	non-cCRE	Deletion	1135	35983	3204935	25747115	3.9470762684517067	3.72059939037485	4.190849496917008	1.9807843963665583	1.895535058930832	2.0672427118884213
K562_skew	> 0.5	non-cCRE	Insertion	1749	27982	3204935	25747115	1.9915070976146216	1.8975502818851147	2.091290094717154	0.9938606213918655	0.9241381151349077	1.0643932002254195
K562_skew	> 0.5	Other cCREs	Deletion	201	5646	3204935	25747115	3.4803692119985543	3.024214020994929	4.024625335509512	1.7992403612650796	1.596560241444629	2.0088544846530265
K562_skew	> 0.5	Other cCREs	Insertion	267	3970	3204935	25747115	1.8445327890780954	1.6294973372165626	2.09533466300847	0.8832554351264746	0.704426994551102	1.067180686933381
SKNSH_skew	< -0.5	PLS	Deletion	44	2205	3204935	25747115	6.102601633395812	4.54543578897903	8.391386573619052	2.609424417007684	2.184418617952818	3.0689092180076396
SKNSH_skew	< -0.5	PLS	Insertion	27	828	3204935	25747115	3.685510762321144	2.530938577678134	5.580063030143755	1.881864571343408	1.3396724956926067	2.480281418248414
SKNSH_skew	< -0.5	pELS	Deletion	118	4123	3204935	25747115	4.314357195042397	3.595013605219016	5.2208706660913995	2.109145625312305	1.845997230510154	2.3842904199959962
SKNSH_skew	< -0.5	pELS	Insertion	56	1466	3204935	25747115	3.203784630786318	2.458843701324931	4.251052321639058	1.6797771681773774	1.2979800316033527	2.0878200156707294
SKNSH_skew	< -0.5	dELS	Deletion	739	23740	3204935	25747115	3.996304950869278	3.714171053424848	4.305776487127447	1.9986666768041188	1.8930402590657625	2.1062734311442233
SKNSH_skew	< -0.5	dELS	Insertion	354	7165	3204935	25747115	2.5131149246745834	2.2587716118732435	2.803642942636436	1.329476647130624	1.1755384048278674	1.487302626920524
SKNSH_skew	< -0.5	non-cCRE	Deletion	1321	34945	3204935	25747115	3.293576312730588	3.117263744920109	3.482130699726419	1.7196549780039672	1.6402802234236786	1.799970354714564
SKNSH_skew	< -0.5	non-cCRE	Insertion	616	11019	3204935	25747115	2.223770136795968	2.050340185879104	2.4155274642920253	1.1530076695167852	1.0358632969325832	1.2723382561534107
SKNSH_skew	< -0.5	Other cCREs	Deletion	318	7255	3204935	25747115	2.831893038005629	2.531093492407358	3.177830858074733	1.5017667751479389	1.3397607980615316	1.6680423384338412
SKNSH_skew	< -0.5	Other cCREs	Insertion	121	2152	3204935	25747115	2.196823384617222	1.8299584056110363	2.658617083724803	1.1354188877952742	0.8718108568696109	1.4106760031480856
SKNSH_skew	[-0.5,-0.2)	PLS	Deletion	106	3712	3204935	25747115	4.319965385260386	3.5641905077731253	5.286074646918472	2.1110197525014165	1.8335744516954455	2.40219679803637
SKNSH_skew	[-0.5,-0.2)	PLS	Insertion	179	3488	3204935	25747115	2.4129818548982334	2.076797171504338	2.818755503204676	1.2708170668397145	1.0543603235712975	1.495058345020203
SKNSH_skew	[-0.5,-0.2)	pELS	Deletion	436	11830	3204935	25747115	3.371098365774057	3.0640299200077425	3.717729118820826	1.7532187245466775	1.61543038513364	1.8944216564406342
SKNSH_skew	[-0.5,-0.2)	pELS	Insertion	480	7199	3204935	25747115	1.8635210876731811	1.6989524541478374	2.0479672732610856	0.8980311447492889	0.7646454786993329	1.0341926610990544
SKNSH_skew	[-0.5,-0.2)	dELS	Deletion	2413	67410	3204935	25747115	3.4825378603624886	3.3441393861587767	3.6280718266209537	1.8001390371510946	1.741634981249284	1.8592030178521304
SKNSH_skew	[-0.5,-0.2)	dELS	Insertion	2631	34318	3204935	25747115	1.623909743597244	1.5606415989563953	1.6902421408657475	0.699471450205859	0.6421392607139834	0.7572299390532893
SKNSH_skew	[-0.5,-0.2)	non-cCRE	Deletion	7980	187586	3204935	25747115	2.9398789345180174	2.874445651540356	3.0070750586853445	1.5557567454811199	1.5232837533137913	1.5883608790331842
SKNSH_skew	[-0.5,-0.2)	non-cCRE	Insertion	7164	86054	3204935	25747115	1.4966926306062163	1.461033547283132	1.5335164975541078	0.5817779716763969	0.5469893047282411	0.6168436871862645
SKNSH_skew	[-0.5,-0.2)	Other cCREs	Deletion	957	22688	3204935	25747115	2.9498093985159026	2.76474239822881	3.1501536747733727	1.560621737966143	1.4671450652300042	1.6554222097000462
SKNSH_skew	[-0.5,-0.2)	Other cCREs	Insertion	859	11350	3204935	25747115	1.6432411749019735	1.5329973366308847	1.7632399608195974	0.7165442370137847	0.6163551905173998	0.8182288256091483
SKNSH_skew	[-0.2,-0.05)	PLS	Deletion	543	9676	3204935	25747115	2.214738915803993	2.031149412852001	2.4191180569743693	1.1471366368951899	1.022296369251082	1.2744811769472066
SKNSH_skew	[-0.2,-0.05)	PLS	Insertion	837	9949	3204935	25747115	1.4781690577992943	1.37733545966244	1.588111882856887	0.5638112795658032	0.46187998071469843	0.6673125542673137
SKNSH_skew	[-0.2,-0.05)	pELS	Deletion	3552	56484	3204935	25747115	1.981073463948796	1.9149397835790032	2.049977518060156	0.9862823805350481	0.9372990264594547	1.035608087896099
SKNSH_skew	[-0.2,-0.05)	pELS	Insertion	3546	36432	3204935	25747115	1.2789362882885784	1.235577050548594	1.3241858985705994	0.35494439646384834	0.3051849798923559	0.4051056720843154
SKNSH_skew	[-0.2,-0.05)	dELS	Deletion	22658	360883	3204935	25747115	1.996485956922138	1.9697852569018113	2.0235338925981816	0.9974629242374057	0.9780383577579669	1.0168770132148122
SKNSH_skew	[-0.2,-0.05)	dELS	Insertion	18716	192007	3204935	25747115	1.2790094491791462	1.2599473116486655	1.2985446251407855	0.3550269227289617	0.33336340450890806	0.37689559381074766
SKNSH_skew	[-0.2,-0.05)	non-cCRE	Deletion	153017	1888845	3204935	25747115	1.579016190726663	1.5707045587939603	1.5874776877098649	0.659025964207213	0.6514118428560023	0.6667363146838304
SKNSH_skew	[-0.2,-0.05)	non-cCRE	Insertion	95771	801009	3204935	25747115	1.0424179831318745	1.035352019230758	1.049534348869526	0.05993387769039224	0.05012136680986595	0.06974938352649993
SKNSH_skew	[-0.2,-0.05)	Other cCREs	Deletion	10792	140255	3204935	25747115	1.6209782367991528	1.5894269555074865	1.6531885343000423	0.6968647214089972	0.6685067167913684	0.7252512630388392
SKNSH_skew	[-0.2,-0.05)	Other cCREs	Insertion	8519	72413	3204935	25747115	1.0581390257954253	1.0346199950802109	1.0823416143509408	0.08152919139217074	0.04910097846787005	0.114155922034042
SKNSH_skew	[-0.05,0.05)	PLS	Deletion	1751	21699	3204935	25747115	1.542215486907708	1.4688368763339559	1.6200518645535105	0.6250043606959067	0.5546741843411341	0.6960400004780545
SKNSH_skew	[-0.05,0.05)	PLS	Insertion	2194	15259	3204935	25747115	0.8653141258486589	0.8273811168107623	0.9052953224898748	-0.2087041407089499	-0.27337606334083536	-0.1435395946362183
SKNSH_skew	[-0.05,0.05)	pELS	Deletion	17722	196417	3204935	25747115	1.3824593255293207	1.361292295364474	1.403960086083121	0.4672370343692914	0.44497687418709236	0.4895019210922789
SKNSH_skew	[-0.05,0.05)	pELS	Insertion	20141	107961	3204935	25747115	0.6658072537676796	0.6558291055612868	0.67596847196684	-0.586823506599555	-0.6086081652253833	-0.5649721359506418
SKNSH_skew	[-0.05,0.05)	dELS	Deletion	114702	1320483	3204935	25747115	1.4564163528992808	1.4474349133071445	1.465384406669597	0.5424228448199813	0.5334984761176681	0.551279168981515
SKNSH_skew	[-0.05,0.05)	dELS	Insertion	125523	661869	3204935	25747115	0.6472879217057776	0.6433005007746337	0.6512634268379968	-0.6275205112328219	-0.6364352831423421	-0.6186868837220729
SKNSH_skew	[-0.05,0.05)	non-cCRE	Deletion	997157	9553214	3204935	25747115	1.3061389871704063	1.302849062776728	1.3094533888720263	0.3853084232492626	0.3816699549753245	0.38896470662245564
SKNSH_skew	[-0.05,0.05)	non-cCRE	Insertion	1095084	4791978	3204935	25747115	0.4405834712881046	0.4394905274004698	0.44166752258592457	-1.1825127222679341	-1.1860960244439207	-1.1789673452054577
SKNSH_skew	[-0.05,0.05)	Other cCREs	Deletion	63243	584060	3204935	25747115	1.1530619380398122	1.1435124063084128	1.1626466960229997	0.20547001108410012	0.19347201806487133	0.21741275860581633
SKNSH_skew	[-0.05,0.05)	Other cCREs	Insertion	65408	293768	3204935	25747115	0.5539728031542529	0.5492796849310502	0.5587111007243937	-0.8521129448179885	-0.8643871600147682	-0.839825610194247
SKNSH_skew	[0.05,0.2)	PLS	Deletion	756	12213	3204935	25747115	2.008889696717503	1.8665870285148825	2.1647300338044855	1.0063983513447718	0.9004027750110944	1.1141871158634702
SKNSH_skew	[0.05,0.2)	PLS	Insertion	614	6049	3204935	25747115	1.2245447877896651	1.1269045945039544	1.3326241984328424	0.292245541513469	0.17236537987366002	0.4142699961088211
SKNSH_skew	[0.05,0.2)	pELS	Deletion	3718	66837	3204935	25747115	2.240335532259761	2.1674894482105347	2.3161992008410484	1.1637148191025541	1.1160249701246705	1.2117593352386729
SKNSH_skew	[0.05,0.2)	pELS	Insertion	3798	29735	3204935	25747115	0.9742920198356808	0.9418981682734532	1.0080456564630607	-0.03757384575630819	-0.0863570011514122	0.011560982946126022
SKNSH_skew	[0.05,0.2)	dELS	Deletion	20547	383811	3204935	25747115	2.3451448957394394	2.312272953566781	2.378495968850537	1.2296770629994065	1.2093117116421235	1.2500495801776987
SKNSH_skew	[0.05,0.2)	dELS	Insertion	22631	170570	3204935	25747115	0.9377208644722211	0.9247857563757549	0.9509090027554421	-0.09276956167077338	-0.1128089173821531	-0.07262080590955634
SKNSH_skew	[0.05,0.2)	non-cCRE	Deletion	104025	1678476	3204935	25747115	2.078782023982302	2.065668885739807	2.0920098606192763	1.0557384886404282	1.0466090174241398	1.0648896516962325
SKNSH_skew	[0.05,0.2)	non-cCRE	Insertion	153485	976461	3204935	25747115	0.7837111088463515	0.779430504513916	0.7880537657918287	-0.35160614799870604	-0.3595076996265536	-0.34363403247079466
SKNSH_skew	[0.05,0.2)	Other cCREs	Deletion	10027	146825	3204935	25747115	1.8272665845431169	1.7905261928262735	1.8647772493710313	0.8696871277485543	0.840383623368952	0.8990033085391937
SKNSH_skew	[0.05,0.2)	Other cCREs	Insertion	10232	70266	3204935	25747115	0.8543551719847615	0.8367812425139217	0.8723756949555896	-0.22709214408374467	-0.25707758273301595	-0.1969785189200472
SKNSH_skew	[0.2,0.5)	PLS	Deletion	191	3819	3204935	25747115	2.4768041974598107	2.1419710931262332	2.8783093004361398	1.3084798215438151	1.0989390103940346	1.5252216310736864
SKNSH_skew	[0.2,0.5)	PLS	Insertion	102	1816	3204935	25747115	2.195965703682184	1.7998650143415693	2.704958321572298	1.1348555226882793	0.8478887118646911	1.435606364948876
SKNSH_skew	[0.2,0.5)	pELS	Deletion	620	14395	3204935	25747115	2.8866893149595323	2.663832358917879	3.1332560247572347	1.5294158433249396	1.4135032931569569	1.6476626600876405
SKNSH_skew	[0.2,0.5)	pELS	Insertion	365	5562	3204935	25747115	1.8921816458123093	1.7019553336091484	2.1089237847535345	0.9200505912849238	0.7671931751988725	1.0765069579362736
SKNSH_skew	[0.2,0.5)	dELS	Deletion	3114	74204	3204935	25747115	2.970963776330687	2.8661234902622716	3.080177648789956	1.5709310151273264	1.5191007711321007	1.6230135605426819
SKNSH_skew	[0.2,0.5)	dELS	Insertion	1770	26110	3204935	25747115	1.836099281983637	1.7498120392758392	1.9276177928872984	0.8766440705997014	0.8071999594471289	0.9468190230570037
SKNSH_skew	[0.2,0.5)	non-cCRE	Deletion	9273	216385	3204935	25747115	2.920518944814431	2.8605006198449545	2.982168222870597	1.5462247432800256	1.5162676569909985	1.57636164174473
SKNSH_skew	[0.2,0.5)	non-cCRE	Insertion	5922	89407	3204935	25747115	1.8820562445719164	1.8330410246553204	1.9326041330784745	0.9123097431315361	0.8742390746963848	0.9505461519138524
SKNSH_skew	[0.2,0.5)	Other cCREs	Deletion	1228	25235	3204935	25747115	2.5575201379790333	2.4150368805361957	2.7104174949228943	1.3547455998330098	1.2720452209287099	1.4385150919717407
SKNSH_skew	[0.2,0.5)	Other cCREs	Insertion	642	9286	3204935	25747115	1.798144711060652	1.659816337998089	1.9508890519021378	0.8465091307124752	0.7310236133080734	0.9641317334456755
SKNSH_skew	> 0.5	PLS	Deletion	28	926	3204935	25747115	3.9790960303090213	2.7517579688143305	5.974895515748893	1.9924407170207974	1.4603535832134065	2.578913484603191
SKNSH_skew	> 0.5	PLS	Insertion	26	663	3204935	25747115	3.0612789448202866	2.0848682643075738	4.680817241024402	1.6141345097369937	1.0599562275862509	2.226760437210727
SKNSH_skew	> 0.5	pELS	Deletion	79	3371	3204935	25747115	5.247283748456574	4.203957170866802	6.634968971569073	2.3915708062610266	2.071747971466405	2.730089718848205
SKNSH_skew	> 0.5	pELS	Insertion	94	1878	3204935	25747115	2.4621421219017603	2.0029105038767403	3.0585961327691895	1.2999140407196288	1.0020979585955525	1.6128696212088391
SKNSH_skew	> 0.5	dELS	Deletion	502	16548	3204935	25747115	4.097375925205508	3.749199911525875	4.486527305113755	2.034700262979179	1.9065827537875537	2.1655991914820727
SKNSH_skew	> 0.5	dELS	Insertion	573	8392	3204935	25747115	1.8203703734075543	1.6725280335825827	1.9844991668398122	0.8642320116968039	0.7420303923744338	0.988774956645469
SKNSH_skew	> 0.5	non-cCRE	Deletion	1136	35165	3204935	25747115	3.853833714654113	3.6325366909767913	4.092074201791909	1.9462943235227375	1.8609773700874155	2.0328323057837863
SKNSH_skew	> 0.5	non-cCRE	Insertion	1285	19654	3204935	25747115	1.903180762328577	1.7986430410367455	2.0151162236523352	0.9284125939451308	0.8469088975263037	1.0108630498953535
SKNSH_skew	> 0.5	Other cCREs	Deletion	167	5034	3204935	25747115	3.731155569951922	3.198949573726032	4.376881248811685	1.899622514354395	1.6775982508753522	2.1299032420819257
SKNSH_skew	> 0.5	Other cCREs	Insertion	190	2828	3204935	25747115	1.8437924699621195	1.5919858082867995	2.1460201483405204	0.8826762808184215	0.6708274750740777	1.1016636211897264
mean_skew	< -0.5	PLS	Deletion	45	2204	3204935	25747115	5.967228089618888	4.457754228967749	8.1759783203197	2.577060923109161	2.156317078144629	3.0313913707852302
mean_skew	< -0.5	PLS	Insertion	19	795	3204935	25747115	4.95432766501638	3.1860161271821252	8.15490129316902	2.308689287450175	1.6717535696086054	3.027667414678744
mean_skew	< -0.5	pELS	Deletion	131	4026	3204935	25747115	3.797945522268198	3.193249604264731	4.551800581765049	1.9252192116176925	1.6750253273397653	2.1864373533385373
mean_skew	< -0.5	pELS	Insertion	51	1368	3204935	25747115	3.2772319310623157	2.4844389683450654	4.410547906049424	1.7124777766197805	1.3129201016998955	2.1409578875833173
mean_skew	< -0.5	dELS	Deletion	703	21641	3204935	25747115	3.829001344602412	3.551784896206574	4.133375328344366	1.9369681668088339	1.8285442115942785	2.047320372605707
mean_skew	< -0.5	dELS	Insertion	265	6303	3204935	25747115	2.9505021068951196	2.609420075231595	3.348332485289486	1.5609604885379231	1.3837292138638186	1.7434427928410523
mean_skew	< -0.5	non-cCRE	Deletion	1155	29068	3204935	25747115	3.132544386674268	2.9535728080473795	3.3250641818274533	1.6473349519992229	1.5624611760419571	1.733382188406466
mean_skew	< -0.5	non-cCRE	Insertion	450	7979	3204935	25747115	2.2028808921298784	2.0032843819298307	2.427463237229631	1.1393914918708465	1.0023672375647648	1.2794494468831443
mean_skew	< -0.5	Other cCREs	Deletion	298	6696	3204935	25747115	2.788512844691069	2.483102272879706	3.1417607079172813	1.4794959164615802	1.3121436838014013	1.6515733020045562
mean_skew	< -0.5	Other cCREs	Insertion	87	1875	3204935	25747115	2.6537559282426653	2.142423398208393	3.3249282579002624	1.408035688980108	1.0992436220738155	1.7333232118655146
mean_skew	[-0.5,-0.2)	PLS	Deletion	125	3832	3204935	25747115	3.787100650156979	3.1708733356657635	4.559169643274945	1.921093764383865	1.6648802484109555	2.1887710917993144
mean_skew	[-0.5,-0.2)	PLS	Insertion	141	3062	3204935	25747115	2.6852342031174334	2.268870254353275	3.200183141150162	1.4250479239428056	1.1819741106616126	1.6781544705090852
mean_skew	[-0.5,-0.2)	pELS	Deletion	477	11978	3204935	25747115	3.120477389693836	2.8473690249930104	3.426037270660171	1.641766758272874	1.5096294814983118	1.77654084608161
mean_skew	[-0.5,-0.2)	pELS	Insertion	429	7037	3204935	25747115	2.0376605537139096	1.848340898147977	2.2513052398675297	1.0269137383234366	0.8862308642816477	1.1707616757118797
mean_skew	[-0.5,-0.2)	dELS	Deletion	2654	67961	3204935	25747115	3.1921304486773394	3.0708323611161243	3.3197223351681853	1.67451960952217	1.6186297567332806	1.731062578190239
mean_skew	[-0.5,-0.2)	dELS	Insertion	2372	33108	3204935	25747115	1.7377052725682458	1.6667002164348288	1.8124019568496104	0.7971834113463154	0.7369946351244022	0.8579029536419934
mean_skew	[-0.5,-0.2)	non-cCRE	Deletion	8556	179761	3204935	25747115	2.6263296172338655	2.569897532034582	2.6843252362149075	1.3930479928897184	1.3617108368616873	1.4245594808703528
mean_skew	[-0.5,-0.2)	non-cCRE	Insertion	7294	85686	3204935	25747115	1.463654188163191	1.4290277496238142	1.499304834045491	0.549574733981178	0.5150339317283114	0.5842937374252487
mean_skew	[-0.5,-0.2)	Other cCREs	Deletion	1051	22531	3204935	25747115	2.667551139665617	2.507301412134447	2.8400199613094728	1.4155159292445512	1.326135438394971	1.5059010698641055
mean_skew	[-0.5,-0.2)	Other cCREs	Insertion	828	11073	3204935	25747115	1.6630876743111844	1.5496394739886405	1.7868458586138058	0.7338642263280293	0.6319326093134321	0.8374151863632363
mean_skew	[-0.2,-0.05)	PLS	Deletion	613	9960	3204935	25747115	2.0198075228802304	1.8615156933194579	2.194848321600133	1.014217818216298	0.8964777787350727	1.1341212435254318
mean_skew	[-0.2,-0.05)	PLS	Insertion	697	9327	3204935	25747115	1.6637442378681575	1.540390732571866	1.7993292894300716	0.7344336695851433	0.6232963486105395	0.847459233701761
mean_skew	[-0.2,-0.05)	pELS	Deletion	4476	58521	3204935	25747115	1.628560516821974	1.5797487850323093	1.6792605541752161	0.7035973308463586	0.6596951562482799	0.7478260962979377
mean_skew	[-0.2,-0.05)	pELS	Insertion	3026	34302	3204935	25747115	1.4111691700937217	1.3596202881536394	1.465095107538697	0.4968909476982966	0.44320379494181333	0.5509943211122056
mean_skew	[-0.2,-0.05)	dELS	Deletion	27977	376893	3204935	25747115	1.686900748424574	1.666522246672288	1.707733343180278	0.7543750927908686	0.7368405763437887	0.7720827205643612
mean_skew	[-0.2,-0.05)	dELS	Insertion	16389	183274	3204935	25747115	1.3947322556243913	1.3726081777952057	1.4173612629773482	0.47998819692422945	0.4569198551820432	0.5032075252837322
mean_skew	[-0.2,-0.05)	non-cCRE	Deletion	176935	1843667	3204935	25747115	1.3199620372155352	1.3133032441252077	1.326573139361206	0.40049643753186026	0.3932000756239801	0.40770421939234563
mean_skew	[-0.2,-0.05)	non-cCRE	Insertion	91489	771252	3204935	25747115	1.0508634917810937	1.0435574278791195	1.0581693361916322	0.0715752739421115	0.06150999545385097	0.08157051680493531
mean_skew	[-0.2,-0.05)	Other cCREs	Deletion	12970	144700	3204935	25747115	1.3908338743332493	1.366034395630991	1.41626211431795	0.4759501100394518	0.44999380996879984	0.5020882965165284
mean_skew	[-0.2,-0.05)	Other cCREs	Insertion	7480	68930	3204935	25747115	1.1473723360948096	1.1202399100483817	1.1752354926336344	0.19833363919110125	0.16380773225813247	0.2329498716954937
mean_skew	[-0.05,0.05)	PLS	Deletion	1841	22638	3204935	25747115	1.5303497479254546	1.4593037612650555	1.6056470746949514	0.6138614058163684	0.5452802185931386	0.6831548196665455
mean_skew	[-0.05,0.05)	PLS	Insertion	2224	15537	3204935	25747115	0.8692011858191677	0.8313731212734057	0.9090964075320698	-0.20223795215110982	-0.266431989254172	-0.13749479794514832
mean_skew	[-0.05,0.05)	pELS	Deletion	17327	201966	3204935	25747115	1.4544151779585979	1.431916628918356	1.477288363121649	0.5404391603730285	0.5179474964097798	0.5629514641798057
mean_skew	[-0.05,0.05)	pELS	Insertion	19531	107611	3204935	25747115	0.6844964871051066	0.67409353876184	0.6950806754198404	-0.5468849574203258	-0.5689792979244955	-0.5247476591038993
mean_skew	[-0.05,0.05)	dELS	Deletion	112492	1357524	3204935	25747115	1.5300967300203132	1.5205404948467065	1.539632299354024	0.6136228604404138	0.6045842385565293	0.6225858423234111
mean_skew	[-0.05,0.05)	dELS	Insertion	121697	663518	3204935	25747115	0.6701765099914895	0.6660383085602437	0.6743420657318827	-0.5773869746127985	-0.586322935638208	-0.5684474985117941
mean_skew	[-0.05,0.05)	non-cCRE	Deletion	982074	9900431	3204935	25747115	1.4141095438838054	1.4105556021537042	1.4177151741485368	0.4998938827332743	0.49626353609035456	0.5035677172613134
mean_skew	[-0.05,0.05)	non-cCRE	Insertion	1066339	4833573	3204935	25747115	0.4635239392495252	0.4623596961608135	0.4646835405618108	-1.1092842443974973	-1.112912451121318	-1.1056795504699621
mean_skew	[-0.05,0.05)	Other cCREs	Deletion	62608	600931	3204935	25747115	1.1993802372636095	1.1894737599964391	1.2094183343785443	0.26228910616655704	0.2503234460038498	0.274313355043486
mean_skew	[-0.05,0.05)	Other cCREs	Insertion	63873	296177	3204935	25747115	0.5722719642793993	0.5673293258055541	0.5772435537500756	-0.8052271641944617	-0.817741654638891	-0.7927479378013124
mean_skew	[0.05,0.2)	PLS	Deletion	616	11485	3204935	25747115	2.3178480504255474	2.1373006468130926	2.5174278745630163	1.2127859916753179	1.0957898612772723	1.33195044496459
mean_skew	[0.05,0.2)	PLS	Insertion	728	6490	3204935	25747115	1.108385780833729	1.026522063634389	1.1981682935825837	0.1484601081258977	0.03776463646145161	0.2608305619369977
mean_skew	[0.05,0.2)	pELS	Deletion	3215	61067	3204935	25747115	2.3669228381365452	2.284448605216101	2.4531797119569108	1.2430126748717378	1.1918459856262826	1.2946529249074066
mean_skew	[0.05,0.2)	pELS	Insertion	4912	31757	3204935	25747115	0.8043912840809362	0.7805074659439728	0.8291247034409399	-0.31403064536907815	-0.3575156625191179	-0.2703389901438358
mean_skew	[0.05,0.2)	dELS	Deletion	17682	343931	3204935	25747115	2.4403129145939073	2.4036021063358772	2.4778598582957363	1.287066152455432	1.2651980912542569	1.3090945944764532
mean_skew	[0.05,0.2)	dELS	Insertion	28814	178963	3204935	25747115	0.7715173574736595	0.7619315341925996	0.7812423498147818	-0.37422948020479546	-0.39226672934535195	-0.35615793750631775
mean_skew	[0.05,0.2)	non-cCRE	Deletion	95580	1432695	3204935	25747115	1.9168469341957073	1.9042274348617745	1.9296302688601854	0.9387351382092987	0.9292057998389626	0.9483244431507906
mean_skew	[0.05,0.2)	non-cCRE	Insertion	185865	973123	3204935	25747115	0.6380402694403015	0.6347877504655806	0.6412949628029414	-0.6482806133918506	-0.655653806211859	-0.64094001964329
mean_skew	[0.05,0.2)	Other cCREs	Deletion	8546	130497	3204935	25747115	1.905143825972639	1.8638688922742106	1.947554338961693	0.9298999159259161	0.8983003819245022	0.9616635816666124
mean_skew	[0.05,0.2)	Other cCREs	Insertion	12773	72208	3204935	25747115	0.702817484565776	0.689682078181533	0.7162340378557677	-0.5087780119893313	-0.5359966169524527	-0.4814970128683373
mean_skew	[0.2,0.5)	PLS	Deletion	161	3348	3204935	25747115	2.5735095258482446	2.1975786363442573	3.031965065300744	1.3637371226915576	1.1359147905036509	1.6002531306832366
mean_skew	[0.2,0.5)	PLS	Insertion	142	2171	3204935	25747115	1.8907392930382707	1.595815532215592	2.255329813116113	0.9189504491837327	0.6742938933279115	1.173338424591107
mean_skew	[0.2,0.5)	pELS	Deletion	554	13050	3204935	25747115	2.928106403368162	2.68936080276782	3.1931960808898427	1.5499679801323447	1.4272633191547988	1.6750011455299352
mean_skew	[0.2,0.5)	pELS	Insertion	440	6203	3204935	25747115	1.7513330402115475	1.5897805364036302	1.933322981520293	0.8084534582855719	0.6688276202925213	0.9510826747521639
mean_skew	[0.2,0.5)	dELS	Deletion	2767	66205	3204935	25747115	2.98239573425237	2.8709644811580195	3.0991280949955975	1.5764717016065233	1.521535481999583	1.6318623864813038
mean_skew	[0.2,0.5)	dELS	Insertion	2110	27338	3204935	25747115	1.6127250064656622	1.542790574804205	1.6864752941538437	0.6895004585613348	0.6255422374127527	0.7540111838984032
mean_skew	[0.2,0.5)	non-cCRE	Deletion	8847	184133	3204935	25747115	2.601935230047831	2.5468140002889084	2.658481844325172	1.3795850495069673	1.3486936001070677	1.4106026138002992
mean_skew	[0.2,0.5)	non-cCRE	Insertion	6737	86773	3204935	25747115	1.6050975187550849	1.5657552810090547	1.6456624942156535	0.6826609518961246	0.6468587449000365	0.7186684865198854
mean_skew	[0.2,0.5)	Other cCREs	Deletion	1130	22248	3204935	25747115	2.449972365773744	2.307610669086209	2.603190732760673	1.2927654765804908	1.2063998387326917	1.3802810202042026
mean_skew	[0.2,0.5)	Other cCREs	Insertion	739	9233	3204935	25747115	1.5534753437923712	1.4412628961062688	1.6765300491396147	0.6354993436993674	0.5273335168555888	0.7454783413817403
mean_skew	> 0.5	PLS	Deletion	18	783	3204935	25747115	5.136461578181958	3.2667666301628633	8.576594783206128	2.36077485328431	1.7078633958435314	3.1004049595535075
mean_skew	> 0.5	PLS	Insertion	28	670	3204935	25747115	2.8802022031915366	1.9867809404355308	4.334231306388341	1.5261700989250524	0.990432811908408	2.1157761482804016
mean_skew	> 0.5	pELS	Deletion	65	2849	3204935	25747115	5.375649978269924	4.212106222472869	6.969781266573743	2.4264392037688505	2.074541819246466	2.8011133805440567
mean_skew	> 0.5	pELS	Insertion	91	1955	3204935	25747115	2.646626440972224	2.1467051887056354	3.2987695320336456	1.404154579499379	1.1021240766199496	1.7219279877825875
mean_skew	> 0.5	dELS	Deletion	400	12924	3204935	25747115	4.013662804744585	3.6336740131732075	4.444115717144686	2.0049194183057004	1.8614289972622577	2.1518963825184745
mean_skew	> 0.5	dELS	Insertion	551	7927	3204935	25747115	1.7880272663226082	1.6399959110639244	1.9527043971447202	0.8383687369062844	0.7136922178341195	0.9654735687581691
mean_skew	> 0.5	non-cCRE	Deletion	762	24861	3204935	25747115	4.058996368405429	3.7769804235307367	4.368179348958398	2.0211230492531915	1.9172333061640223	2.127032091729605
mean_skew	> 0.5	non-cCRE	Insertion	1153	17196	3204935	25747115	1.8555440069605438	1.7480513214764362	1.9712622484188755	0.8918422170801018	0.8057475419052375	0.9791197192152894
mean_skew	> 0.5	Other cCREs	Deletion	129	3749	3204935	25747115	3.5910756972222857	3.014575179764459	4.3108361463482945	1.844416064268564	1.5919547088485286	2.1079677271317467
mean_skew	> 0.5	Other cCREs	Insertion	191	2567	3204935	25747115	1.6649521870008805	1.4373294874395552	1.938094239843295	0.7354807475264683	0.5233908171239205	0.9546387235130611
