skew_type	skew_bin	ccre_class	COMMON	SINGLETON	gw_COMMON	gw_SINGLETON	odds	lci	uci	log2odds	log2lci	log2uci
HepG2_skew	(-Inf,-1.5)	Other cCREs	23	417	3204935	25747115	2.168003605978063	1.4370106494615786	3.422055316634624	1.116367156286961	0.5230707534225825	1.7748630808061205
HepG2_skew	(-Inf,-1.5)	PLS	5	174	3204935	25747115	3.6306128130509343	1.6349449781828262	10.0293921938879	1.8602130820313085	0.7092420846294927	3.3261622725788587
HepG2_skew	(-Inf,-1.5)	dELS	57	1649	3204935	25747115	3.5413343283480803	2.725474674494564	4.684584648335836	1.8242930513202251	1.446507514624187	2.227921139165133
HepG2_skew	(-Inf,-1.5)	non-cCRE	80	1827	3204935	25747115	2.8093257988270692	2.248264015810203	3.554397511994656	1.4902239441853447	1.1688114625761115	1.8296050366039744
HepG2_skew	(-Inf,-1.5)	pELS	3	264	3204935	25747115	8.24670962571282	3.1830299603660084	30.49241233605709	3.0438186098371687	1.6704007364485562	4.930378385202107
HepG2_skew	[-0.05,0.05)	Other cCREs	121791	861795	3204935	25747115	0.8766880571182514	0.871294564751686	0.8820789356259099	-0.1898645002279784	-0.19876755142194238	-0.18102032919477068
HepG2_skew	[-0.05,0.05)	PLS	3999	38284	3204935	25747115	1.1917283078839425	1.153472155409643	1.2314541711751859	0.2530553653756341	0.20598317806746452	0.3003629386378863
HepG2_skew	[-0.05,0.05)	dELS	222945	1916605	3204935	25747115	1.0757580783775216	1.0708267008917762	1.0806236246156513	0.10535367420807139	0.09872501790893051	0.11186412765106946
HepG2_skew	[-0.05,0.05)	non-cCRE	1976680	14313297	3204935	25747115	0.7778600579874904	0.7759939521281053	0.7797355303932781	-0.362417466420563	-0.36588268637804094	-0.3589432192322141
HepG2_skew	[-0.05,0.05)	pELS	35266	295198	3204935	25747115	1.0424159006603413	1.0309103049143156	1.0540801014937773	0.05993099556978098	0.04391881545623384	0.07598450420173393
HepG2_skew	[-0.2,-0.05)	Other cCREs	22365	231920	3204935	25747115	1.2933791437317925	1.2757002812417608	1.31138004631256	0.3711452516378169	0.35128941565644983	0.3910858483923568
HepG2_skew	[-0.2,-0.05)	PLS	1388	20483	3204935	25747115	1.8363714391102812	1.7390822646529955	1.9403463170288795	0.8768578992548439	0.7983261787628542	0.9563141705928158
HepG2_skew	[-0.2,-0.05)	dELS	49122	610862	3204935	25747115	1.5612391025553731	1.5467880892206656	1.5757483837828148	0.6426915018609732	0.6292755603476592	0.656037182986144
HepG2_skew	[-0.2,-0.05)	non-cCRE	300631	2851762	3204935	25747115	1.2032963589907333	1.198561428074428	1.2080609336188561	0.26699200659607186	0.2613038511708631	0.27269322487217207
HepG2_skew	[-0.2,-0.05)	pELS	8217	100083	3204935	25747115	1.517978682114707	1.4841217753738063	1.5527810807209337	0.6021515302636886	0.5696094730369112	0.6348544452943232
HepG2_skew	[-0.5,-0.2)	Other cCREs	2029	35547	3204935	25747115	2.181399281576705	2.0858789201398533	2.2821762409276904	1.125253863893529	1.0606554155836683	1.1904102079694725
HepG2_skew	[-0.5,-0.2)	PLS	247	6487	3204935	25747115	3.257062066457189	2.8686011148513733	3.7127004800540124	1.7035712119403938	1.5203473722076237	1.892468931306145
HepG2_skew	[-0.5,-0.2)	dELS	5544	109916	3204935	25747115	2.47377642512427	2.4077329345523806	2.5419105756843483	1.3067151183661152	1.2676753774113754	1.3459132772799223
HepG2_skew	[-0.5,-0.2)	non-cCRE	17857	278554	3204935	25747115	1.9519384590058462	1.922530929622781	1.9818518471730142	0.9649075681227902	0.9430068084104891	0.9868491182571952
HepG2_skew	[-0.5,-0.2)	pELS	974	19992	3204935	25747115	2.5536989100061596	2.394540055523321	2.7260085385640282	1.3525884362984726	1.2597485689719174	1.4467900810443284
HepG2_skew	[-1.0,-0.5)	Other cCREs	299	6827	3204935	25747115	2.833595575841978	2.523706082956055	3.19155292437829	1.502633864691235	1.3355439002758032	1.6742585716868594
HepG2_skew	[-1.0,-0.5)	PLS	34	1782	3204935	25747115	6.341610167220042	4.542727925682141	9.13386974334784	2.6648491945176973	2.1835589016915167	3.1912262158202678
HepG2_skew	[-1.0,-0.5)	dELS	713	22609	3204935	25747115	3.944374256042555	3.6607426715436557	4.255342199006956	1.9797964461682165	1.8721363643182976	2.0892751528182836
HepG2_skew	[-1.0,-0.5)	non-cCRE	1314	30585	3204935	25747115	2.897517029482314	2.7418051365830425	3.0642715390663158	1.5348171403611641	1.4551260406739843	1.6155441467101865
HepG2_skew	[-1.0,-0.5)	pELS	132	3979	3204935	25747115	3.725388245082308	3.1338121014102027	4.46190988227334	1.8973907853243792	1.6479186806112875	2.1576613755923004
HepG2_skew	[-1.5,-1.0)	Other cCREs	66	1308	3204935	25747115	2.43203023740928	1.9020224662021799	3.1572470812250684	1.282161165907005	0.9275342870434035	1.6586671681293985
HepG2_skew	[-1.5,-1.0)	PLS	3	373	3204935	25747115	11.638801438941359	4.507928110984862	42.96911263080473	3.5408705923838517	2.1724645086883494	5.425228078739816
HepG2_skew	[-1.5,-1.0)	dELS	159	4454	3204935	25747115	3.4663483736530663	2.9601150622055603	4.084285100334734	1.793416654984206	1.5656532557349816	2.0300835759324274
HepG2_skew	[-1.5,-1.0)	non-cCRE	223	5401	3204935	25747115	3.002329755891698	2.626277956772854	3.4472873958453567	1.586082441669727	1.3930196144929452	1.7854615793193496
HepG2_skew	[-1.5,-1.0)	pELS	31	776	3204935	25747115	3.0225316857872473	2.1230127285431317	4.450601518436945	1.5957574636062495	1.086113020961145	2.1540003358586586
HepG2_skew	[0.05,0.2)	Other cCREs	23732	215155	3204935	25747115	1.1295781535409646	1.1144224882934017	1.1448676466659284	0.1757840917361677	0.156296275957421	0.19518082405541756
HepG2_skew	[0.05,0.2)	PLS	1433	18533	3204935	25747115	1.6092705973738168	1.5250027493777247	1.6992550173229524	0.6864069343059995	0.6088118436657098	0.764902382609475
HepG2_skew	[0.05,0.2)	dELS	52054	559059	3204935	25747115	1.3443392036591169	1.3322288358065153	1.3565695396492374	0.42689720485258975	0.41384191418669536	0.439963004078068
HepG2_skew	[0.05,0.2)	non-cCRE	316875	2554555	3204935	25747115	1.0038845527476181	1	1.007803456133781	0.005593368138191791	0	0.01121430896794845
HepG2_skew	[0.05,0.2)	pELS	8968	98865	3204935	25747115	1.3735595759422166	1.344109638771233	1.4037949470475022	0.4579194863528993	0.4266508232805173	0.4893322159255476
HepG2_skew	[0.2,0.5)	Other cCREs	2095	34245	3204935	25747115	2.035181066597279	1.9472844502444158	2.128037823219581	1.0251571543250841	0.9614636416250836	1.0895237931729294
HepG2_skew	[0.2,0.5)	PLS	254	5097	3204935	25747115	2.4888700022977064	2.19424719585121	2.833592547647301	1.3154908779934031	1.1337260636352262	1.5026323229173082
HepG2_skew	[0.2,0.5)	dELS	5358	101572	3204935	25747115	2.3646974885478524	2.3006354661434774	2.430959475016139	1.2416556340143126	1.2020324077906226	1.281525843312934
HepG2_skew	[0.2,0.5)	non-cCRE	17592	291649	3204935	25747115	2.0757234032140985	2.0442439984996903	2.107690665963104	1.0536142127723043	1.031567404894215	1.0756631461838408
HepG2_skew	[0.2,0.5)	pELS	980	20116	3204935	25747115	2.5538290883417787	2.3951346282026718	2.7255854777421518	1.3526619778000877	1.2601067507345611	1.446566165709065
HepG2_skew	[0.5,1.0)	Other cCREs	255	5136	3204935	25747115	2.4981164787636976	2.203017051734683	2.8433390420158258	1.3208407465283551	1.1394806617922504	1.507586137380318
HepG2_skew	[0.5,1.0)	PLS	30	931	3204935	25747115	3.7424562340412484	2.618396866443105	5.539877866933167	1.9039854448606197	1.3886837809563215	2.4698541707307613
HepG2_skew	[0.5,1.0)	dELS	734	17069	3204935	25747115	2.892182337747706	2.68615672716511	3.1178596558952463	1.532158509921107	1.425543483062983	1.6405559895171442
HepG2_skew	[0.5,1.0)	non-cCRE	1627	35589	3204935	25747115	2.7236089794459395	2.591372979048839	2.8641636099771066	1.445519594720372	1.3737166790834126	1.5181139062058118
HepG2_skew	[0.5,1.0)	pELS	129	3601	3204935	25747115	3.449328164627824	2.8951601507762676	4.141451835404211	1.7863153914717549	1.5336431555859	2.0501366103717427
HepG2_skew	[1.0,1.5)	Other cCREs	40	844	3204935	25747115	2.5655037658829194	1.87505227254432	3.601394559895583	1.359242143251654	0.9069308154961303	1.848555666293497
HepG2_skew	[1.0,1.5)	PLS	5	122	3204935	25747115	2.5517976376073066	1.1394024919429335	7.088451753851104	1.3515139251858233	0.18827746658694153	2.8254705511660894
HepG2_skew	[1.0,1.5)	dELS	161	2835	3204935	25747115	2.179256045996655	1.8595181111732744	2.5690101262947564	1.1238357120977562	0.8949287994544035	1.361212576936447
HepG2_skew	[1.0,1.5)	non-cCRE	275	5306	3204935	25747115	2.393774639963708	2.1205506540497256	2.711702362602194	1.2592873372811435	1.0844389453128027	1.4391988364526924
HepG2_skew	[1.0,1.5)	pELS	21	655	3204935	25747115	3.7117629820571474	2.43069858984551	5.964085444160979	1.8921045888253687	1.2813710081775755	2.576300926465135
HepG2_skew	[1.5,Inf)	Other cCREs	8	221	3204935	25747115	3.070464190323401	1.5884510458176124	6.803638975061057	1.6184567775673833	0.6676206285818089	2.7663065885751017
HepG2_skew	[1.5,Inf)	dELS	26	880	3204935	25747115	4.06176056734505	2.772336657924652	6.198905514320687	2.0221051981557605	1.4711024613809984	2.6320135141366956
HepG2_skew	[1.5,Inf)	non-cCRE	82	1673	3204935	25747115	2.510645908051153	2.013396858646261	3.1686507335966607	1.3280585707357115	1.00963156846899	1.6638686465685113
HepG2_skew	[1.5,Inf)	pELS	4	161	3204935	25747115	4.033091169238139	1.6931460287507372	12.59091226861619	2.0118860186674445	0.759706406706215	3.654310911520762
K562_skew	(-Inf,-1.5)	Other cCREs	45	1021	3204935	25747115	2.765636835086791	2.058026987426764	3.802158920749868	1.467611723871739	1.0412619007797326	1.926818834297385
K562_skew	(-Inf,-1.5)	PLS	7	437	3204935	25747115	6.815242776112905	3.428376676449121	15.881849286451793	2.7687650503768726	1.7775256273590276	3.9893070049159918
K562_skew	(-Inf,-1.5)	dELS	107	3260	3204935	25747115	3.758879538646156	3.1027757234304647	4.596608616396434	1.910302681866032	1.6335594189457991	2.200569831431628
K562_skew	(-Inf,-1.5)	non-cCRE	136	3368	3204935	25747115	3.061327255797381	2.5801570125324265	3.6587793530126755	1.6141572771679837	1.3674588618924843	1.8713624148809551
K562_skew	(-Inf,-1.5)	pELS	14	619	3204935	25747115	5.145170701898538	3.0952112590798286	9.249023135676588	2.363218942366507	1.6300378818225245	3.2093009989546686
K562_skew	[-0.05,0.05)	Other cCREs	117825	871343	3204935	25747115	0.9177240119597129	0.9120695725300925	0.9234510736379379	-0.1238677391149222	-0.13278421773871518	-0.11489256864421266
K562_skew	[-0.05,0.05)	PLS	3713	36083	3204935	25747115	1.209720463657342	1.1694456914338802	1.251548747257009	0.27467371503179994	0.22582486509497723	0.3237144844392016
K562_skew	[-0.05,0.05)	dELS	218857	1976537	3204935	25747115	1.1344841276179896	1.1293484198142119	1.139732643535962	0.18203642464092382	0.17549064642159826	0.1886954392309685
K562_skew	[-0.05,0.05)	non-cCRE	1929585	14283721	3204935	25747115	0.8235579818293022	0.8215934503097047	0.8255312364047291	-0.28005786976527275	-0.28350341425775455	-0.27660529010181373
K562_skew	[-0.05,0.05)	pELS	34282	300965	3204935	25747115	1.0938814452939254	1.0816763583118032	1.1062536800693998	0.12945638753198238	0.11326890387528019	0.1456822544806452
K562_skew	[-0.2,-0.05)	Other cCREs	23858	219193	3204935	25747115	1.144840715284069	1.1295464211952526	1.1603543597632906	0.1951468863088465	0.17574356267609784	0.21456545621724088
K562_skew	[-0.2,-0.05)	PLS	1373	18086	3204935	25747115	1.6390396218164578	1.5514440532977445	1.7326744898531419	0.712850730280688	0.6336116727060153	0.7930006470059554
K562_skew	[-0.2,-0.05)	dELS	49533	558894	3204935	25747115	1.4134613332359804	1.4004419424594996	1.4266185048219175	0.4992324172251818	0.48588217544245865	0.5125995921477303
K562_skew	[-0.2,-0.05)	non-cCRE	316582	2787881	3204935	25747115	1.1078365705324233	1.1035891087130107	1.1121470578432178	0.14774506886656522	0.14220312396107018	0.15334756647303224
K562_skew	[-0.2,-0.05)	pELS	8291	92383	3204935	25747115	1.388239082141291	1.3573475443361374	1.419980817834482	0.4732560498446052	0.44079016533583043	0.5058714408553192
K562_skew	[-0.5,-0.2)	Other cCREs	2651	41828	3204935	25747115	1.964903165463988	1.8892078553286251	2.04440741733567	0.9744582152079247	0.9177814393413715	1.0316827307170369
K562_skew	[-0.5,-0.2)	PLS	335	7713	3204935	25747115	2.8583541228345717	2.562307405517106	3.197765203504489	1.5151846636726085	1.3574435692824627	1.6770640125595204
K562_skew	[-0.5,-0.2)	dELS	6835	119212	3204935	25747115	2.1762108363462898	2.1237448204850358	2.230417560514985	1.1218183349964714	1.0866104288834615	1.1573138249847523
K562_skew	[-0.5,-0.2)	non-cCRE	24141	365162	3204935	25747115	1.8954996095387822	1.8710415836572094	1.9205826893941373	0.9225781593223157	0.9038416226457039	0.9415440794694591
K562_skew	[-0.5,-0.2)	pELS	1241	22842	3204935	25747115	2.2905503517751424	2.163278631077824	2.4271273568174756	1.1956942770920553	1.1132194969159517	1.2792498119205933
K562_skew	[-1.0,-0.5)	Other cCREs	420	9502	3204935	25747115	2.81043135492781	2.548813732065147	3.1059622882191253	1.4907915773698048	1.34982594470378	1.6350403130061075
K562_skew	[-1.0,-0.5)	PLS	80	2816	3204935	25747115	4.3294161307180845	3.4710802849874454	5.46873161499172	2.114172474810026	1.7953847346317613	2.4512062617285837
K562_skew	[-1.0,-0.5)	dELS	1142	29392	3204935	25747115	3.203538048497334	3.019565405761953	3.4015549266361176	1.6796661255271255	1.5943409230371903	1.7661943852279576
K562_skew	[-1.0,-0.5)	non-cCRE	2367	51839	3204935	25747115	2.728529770907785	2.6182842112659404	2.8444722211221833	1.4481237849994353	1.3886217084095924	1.50816099186236
K562_skew	[-1.0,-0.5)	pELS	197	5778	3204935	25747115	3.633700777297003	3.1533421745246955	4.208131515321907	1.8614396235117046	1.6568817278091759	2.0731797933987037
K562_skew	[-1.5,-1.0)	Other cCREs	89	2186	3204935	25747115	3.024976608934426	2.4495411607300515	3.778091759541316	1.596923986584	1.2925115340711448	1.9176577412783236
K562_skew	[-1.5,-1.0)	PLS	12	806	3204935	25747115	7.727391731931276	4.492702766978856	14.580376460812008	2.949981535702707	2.1675836176614105	3.8659560649729903
K562_skew	[-1.5,-1.0)	dELS	222	7122	3204935	25747115	3.9768481228866834	3.4802013768130067	4.564431683966422	1.991625466205951	1.7991707879486871	2.1904352418602415
K562_skew	[-1.5,-1.0)	non-cCRE	311	7322	3204935	25747115	2.922178651366774	2.608821653786706	3.2834772744770224	1.5470443819614341	1.3833983209310952	1.7152244701287742
K562_skew	[-1.5,-1.0)	pELS	52	1429	3204935	25747115	3.3586761275609396	2.553260203948311	4.50604905191344	1.747892685215436	1.3523405709674605	2.171863018537186
K562_skew	[0.05,0.2)	Other cCREs	24722	201329	3204935	25747115	1.013781832831404	1.0003918757896353	1.027331547467502	0.01974721589455441	5.652465123717556e-4	0.03890185321913004
K562_skew	[0.05,0.2)	PLS	1425	17556	3204935	25747115	1.5329376034879523	1.4523164037427112	1.619066943416345	0.61629897490240515	0.5383557951951398	0.6951626378567439
K562_skew	[0.05,0.2)	dELS	51938	512883	3204935	25747115	1.233819067504848	1.2226545802909252	1.245111869579711	0.30313084703849524	0.2900168767282811	0.31627536995382854
K562_skew	[0.05,0.2)	non-cCRE	333466	2475946	3204935	25747115	0.9161469461350036	0.9126460814219824	0.9196455475937035	-0.12634907576000598	-0.13187259455487144	-0.12085017422026334
K562_skew	[0.05,0.2)	pELS	9044	90296	3204935	25747115	1.2434878902269777	1.216882330717345	1.2709117237693106	0.31439245786076647	0.28318967002534734	0.34586382569838775
K562_skew	[0.2,0.5)	Other cCREs	2625	37397	3204935	25747115	1.7738609360696318	1.704980275365671	1.846273248196728	0.8268929122845841	0.7697550490460847	0.8846160874609978
K562_skew	[0.2,0.5)	PLS	360	6495	3204935	25747115	2.240219810989269	2.014581122567999	2.4975934639089306	1.1636402968657722	1.0104799006814267	1.3205386669646098
K562_skew	[0.2,0.5)	dELS	6869	109064	3204935	25747115	1.980299380286275	1.9325126210845212	2.029482163344933	0.9857185524283393	0.950477836306185	1.0211116605742163
K562_skew	[0.2,0.5)	non-cCRE	23764	330994	3204935	25747115	1.7432557909740085	1.7203776310541588	1.7665108736569899	0.801784274164856	0.782725278096527	0.8209026296829861
K562_skew	[0.2,0.5)	pELS	1328	22207	3204935	25747115	2.0809883954127266	1.9688892945599124	2.201049150537036	1.057268919937644	0.9773819945916845	1.138191361696673
K562_skew	[0.5,1.0)	Other cCREs	371	7720	3204935	25747115	2.5840538630860665	2.328365703708878	2.8753546878359884	1.3696361424765982	1.2193176722889458	1.523739929907487
K562_skew	[0.5,1.0)	PLS	79	1845	3204935	25747115	2.8724539591939187	2.295843209067289	3.63969414075274	1.5222837689810718	1.1990241188320079	1.8638172196109841
K562_skew	[0.5,1.0)	dELS	1051	24423	3204935	25747115	2.891756484427041	2.718423471953129	3.078556600105179	1.5319460676758245	1.4427702144932857	1.6222540931397835
K562_skew	[0.5,1.0)	non-cCRE	2370	52932	3204935	25747115	2.782648925710621	2.6704373022787795	2.9008713419793364	1.476458901811487	1.4170760123883221	1.5364863112530913
K562_skew	[0.5,1.0)	pELS	220	5477	3204935	25747115	3.0859100534175252	2.6971729700039098	3.5461821235936952	1.6256960115587993	1.4314480447344669	1.8262666315716993
K562_skew	[1.0,1.5)	Other cCREs	73	1406	3204935	25747115	2.3668308304528005	1.8728224607326525	3.0323137039539683	1.242956592938299	0.9052141418870515	1.6004190133135578
K562_skew	[1.0,1.5)	PLS	11	369	3204935	25747115	3.8380981661517573	2.1709492730184556	7.495988361429476	1.9403916114835715	1.1183260159485802	2.9061187130129733
K562_skew	[1.0,1.5)	dELS	251	4932	3204935	25747115	2.4369732792395253	2.1467871552044397	2.776975337364629	1.2850904323825627	1.1021791612232916	1.4735143644741004
K562_skew	[1.0,1.5)	non-cCRE	390	8275	3204935	25747115	2.6352477848615847	2.3807118241229297	2.923993729933644	1.3979386207559126	1.251392998571208	1.5479402176503583
K562_skew	[1.0,1.5)	pELS	39	1212	3204935	25747115	3.7749120671507956	2.755758234492501	5.310502044405687	1.916443038672681	1.4624493244724281	2.4088482570250047
K562_skew	[1.5,Inf)	Other cCREs	24	490	3204935	25747115	2.444767147456652	1.6363527089609935	3.814872192583882	1.289697061820797	0.7104837486614235	1.9316347241072254
K562_skew	[1.5,Inf)	PLS	3	96	3204935	25747115	3.0185883325406064	1.1417541567785585	11.298429523232647	1.5938740191574883	0.19125204213833488	3.4980503474832436
K562_skew	[1.5,Inf)	dELS	68	1791	3204935	25747115	3.2329636650909954	2.541687446293817	4.174368147872149	1.6928572932704928	1.3457866316781217	2.061557840959692
K562_skew	[1.5,Inf)	non-cCRE	124	2758	3204935	25747115	2.747656086651103	2.2961418806845137	3.314121627762628	1.458201438969337	1.1992117901999284	1.7286265502208147
K562_skew	[1.5,Inf)	pELS	17	482	3204935	25747115	3.340191412572808	2.0909092034103494	5.684347205294525	1.739930779961871	1.0641304150438475	2.506994678447372
SKNSH_skew	(-Inf,-1.5)	Other cCREs	36	620	3204935	25747115	2.0892283172096953	1.4988835205203257	2.9957458174745124	1.0629701631120758	0.5838882746153551	1.5829152194489522
SKNSH_skew	(-Inf,-1.5)	PLS	5	361	3204935	25747115	7.510234721859103	3.4170720626082645	20.596871496544875	2.908857997855436	1.7727606730733902	4.364353314859758
SKNSH_skew	(-Inf,-1.5)	dELS	96	2204	3204935	25747115	2.8297755091336056	2.3085283579719817	3.5043970140736014	1.5006876061645842	1.2069734545680313	1.809166227504519
SKNSH_skew	(-Inf,-1.5)	non-cCRE	103	2398	3204935	25747115	2.8715365724920523	2.359160007997672	3.5286615587959536	1.5218229363075804	1.2382732714456297	1.8191210648976512
SKNSH_skew	(-Inf,-1.5)	pELS	15	359	3204935	25747115	2.8007703423706625	1.7010305603115785	4.9531049528839075	1.4858236901219475	0.7664090603510404	2.3083331910108775
SKNSH_skew	[-0.05,0.05)	Other cCREs	128651	877828	3204935	25747115	0.8440344319208618	0.8390281247122804	0.8490696834168574	-0.24462624080296527	-0.2532089234321917	-0.2360451338128456
SKNSH_skew	[-0.05,0.05)	PLS	3945	36958	3204935	25747115	1.1661484316925457	1.1283912059791883	1.20538309848936	0.22175143179552415	0.17426732755894	0.2694917410211979
SKNSH_skew	[-0.05,0.05)	dELS	240225	1982352	3204935	25747115	1.0294643790710156	1.024950562168367	1.0339759538597222	0.041893911537264544	0.03555432394084003	0.04820263473339116
SKNSH_skew	[-0.05,0.05)	non-cCRE	2092241	14345192	3204935	25747115	0.6691045892584285	0.6674557693779632	0.6707537074028617	-0.5796963554543487	-0.5832558587063897	-0.5761449712876018
SKNSH_skew	[-0.05,0.05)	pELS	37863	304378	3204935	25747115	1.0006505140149602	0.9899494506096204	1.011482292260295	9.381882241911335e-4	-0.014573235570588872	0.016471063255684443
SKNSH_skew	[-0.2,-0.05)	Other cCREs	19311	212668	3204935	25747115	1.3738679506778955	1.3537173082682261	1.3943955329412394	0.45824334618138035	0.4369264977458448	0.47963985279350174
SKNSH_skew	[-0.2,-0.05)	PLS	1380	19625	3204935	25747115	1.7695903662968173	1.6755329812773934	1.8702092457567592	0.8234154366314382	0.7446200849052799	0.9031996930687324
SKNSH_skew	[-0.2,-0.05)	dELS	41374	552890	3204935	25747115	1.6779399535036008	1.6611661778653783	1.6948962077633953	0.7466910886426936	0.732196403216164	0.7611969281522667
SKNSH_skew	[-0.2,-0.05)	non-cCRE	248788	2689854	3204935	25747115	1.3861637093399233	1.3802640927529668	1.3921143532282956	0.47109765336649007	0.4649443313896042	0.4772777241602719
SKNSH_skew	[-0.2,-0.05)	pELS	7098	92916	3204935	25747115	1.631532613412929	1.5925688695878193	1.6716444269608006	0.7062278263748171	0.671355762223775	0.7412680065010688
SKNSH_skew	[-0.5,-0.2)	Other cCREs	1816	34038	3204935	25747115	2.333679804204152	2.2259224183740574	2.447840442446219	1.222606627636422	1.1544033103000353	1.2915095219220094
SKNSH_skew	[-0.5,-0.2)	PLS	285	7200	3204935	25747115	3.1347329135461517	2.78497953242553	3.54027249920403	1.6483425273280325	1.477666724844771	1.8238604106246379
SKNSH_skew	[-0.5,-0.2)	dELS	5044	101728	3204935	25747115	2.5159957835542452	2.445947277367183	2.5887912013968917	1.3311295044705893	1.2903933067677233	1.372278609557505
SKNSH_skew	[-0.5,-0.2)	non-cCRE	15144	273640	3204935	25747115	2.2624887141454426	2.225766116306407	2.3000305016280076	1.1779105956932965	1.1543020021261972	1.2016529934547302
SKNSH_skew	[-0.5,-0.2)	pELS	916	19029	3204935	25747115	2.584386089638522	2.4183340724650386	2.764493845500329	1.3698216149227225	1.274013554511518	1.4670153598699096
SKNSH_skew	[-1.0,-0.5)	Other cCREs	336	7305	3204935	25747115	2.6990966889271304	2.4195509120204526	3.0196334959180184	1.4324766589600624	1.2747392966218838	1.5943734549448465
SKNSH_skew	[-1.0,-0.5)	PLS	53	2137	3204935	25747115	4.928714096587459	3.7627803241329976	6.583633721046792	2.301211296002352	1.911799065505981	2.718884073984233
SKNSH_skew	[-1.0,-0.5)	dELS	832	23600	3204935	25747115	3.5290823960358813	3.293101369644485	3.786049628706307	1.8192931141540907	1.7194469222680544	1.9206933224571494
SKNSH_skew	[-1.0,-0.5)	non-cCRE	1600	37380	3204935	25747115	2.909140149118385	2.767234461751578	3.0603747502550807	1.540592800586602	1.4684448855365895	1.6137083252157238
SKNSH_skew	[-1.0,-0.5)	pELS	131	4338	3204935	25747115	4.092248501048663	3.4410282739573526	4.903610103232734	2.0328937551382458	1.782839746341234	2.293844271749965
SKNSH_skew	[-1.5,-1.0)	Other cCREs	67	1482	3204935	25747115	2.7148080397947756	2.1284902532807086	3.51485388723157	1.440850190726907	1.089830483788504	1.8134647175914747
SKNSH_skew	[-1.5,-1.0)	PLS	13	535	3204935	25747115	4.76578933814834	2.815523864837682	8.778131207958971	2.2527151815899358	1.493403379459313	3.1339138345239435
SKNSH_skew	[-1.5,-1.0)	dELS	165	5101	3204935	25747115	3.8263696721583753	3.277903433434786	4.4932197450758995	1.9359762616678542	1.7127733534743315	2.1677496199247677
SKNSH_skew	[-1.5,-1.0)	non-cCRE	234	6186	3204935	25747115	3.277749873431729	2.877047725095434	3.7500122558381133	1.7127057659297926	1.5245891530158282	1.906895310650645
SKNSH_skew	[-1.5,-1.0)	pELS	28	892	3204935	25747115	3.833147930990189	2.650115513802139	5.7569276167385945	1.938529676507251	1.4060552455465665	2.5252990730102662
SKNSH_skew	[0.05,0.2)	Other cCREs	20259	217091	3204935	25747115	1.3366506842691046	1.3175239012634332	1.3562065025802348	0.4186224856870532	0.3978291340988863	0.43957686694467957
SKNSH_skew	[0.05,0.2)	PLS	1370	18262	3204935	25747115	1.6586229897564875	1.5699283917084927	1.7535531169506064	0.7299859944189606	0.6506987557518735	0.8102811319882678
SKNSH_skew	[0.05,0.2)	dELS	43178	554381	3204935	25747115	1.6113484664326851	1.595558517277113	1.6273800029414447	0.6882685216240857	0.6740615205804807	0.7025511682488343
SKNSH_skew	[0.05,0.2)	non-cCRE	257510	2654937	3204935	25747115	1.3159383192611287	1.310402491808552	1.3215043589045443	0.39609186857046025	0.3900100054648977	0.40218118363222477
SKNSH_skew	[0.05,0.2)	pELS	7516	96572	3204935	25747115	1.6014525130110824	1.564233952743835	1.6397280542328236	0.6793810193057644	0.6454563037076096	0.7134565664641594
SKNSH_skew	[0.2,0.5)	Other cCREs	1870	34521	3204935	25747115	2.298488867497479	2.193896972207337	2.4093052885930297	1.2006856786215108	1.1334957768005463	1.2686172123532826
SKNSH_skew	[0.2,0.5)	PLS	293	5635	3204935	25747115	2.3865471698243086	2.122111869999499	2.6925252578929944	1.2549248513698312	1.0855007118791469	1.4289598783873292
SKNSH_skew	[0.2,0.5)	dELS	4884	100314	3204935	25747115	2.562272857114225	2.4898293037052066	2.6377194205144407	1.3574241168368173	1.316046838221319	1.3992911103965757
SKNSH_skew	[0.2,0.5)	non-cCRE	15195	305792	3204935	25747115	2.522982901667241	2.4822168229303667	2.564669789404595	1.3351304291586583	1.3116291411346528	1.3587730855376687
SKNSH_skew	[0.2,0.5)	pELS	985	19957	3204935	25747115	2.520776647388277	2.364480007605267	2.690069598548128	1.3338682943248101	1.2415229434236834	1.4276434992433529
SKNSH_skew	[0.5,1.0)	Other cCREs	288	6340	3204935	25747115	2.731610697624331	2.427412138719886	3.0840579289815744	1.449751888962198	1.2794190775900525	1.6248298641730305
SKNSH_skew	[0.5,1.0)	PLS	48	1238	3204935	25747115	3.1476071646215726	2.365684878096042	4.277915314500116	1.6542554973203638	1.2422579117647674	2.09690792323227
SKNSH_skew	[0.5,1.0)	dELS	841	19741	3204935	25747115	2.920042287913574	2.7252075826252855	3.1323329682070176	1.5459892622975662	1.4463661260429412	1.6472375798218946
SKNSH_skew	[0.5,1.0)	non-cCRE	1983	45684	3204935	25747115	2.8696266454974655	2.743572188514123	3.003128558109891	1.5208630464035395	1.4560555363112242	1.5864662351940106
SKNSH_skew	[0.5,1.0)	pELS	137	4174	3204935	25747115	3.7663451084722213	3.1784209007435122	4.495324209901651	1.913165199492821	1.668310185481726	2.168425168943278
SKNSH_skew	[1.0,1.5)	Other cCREs	56	1131	3204935	25747115	2.4721456901151204	1.8940552930345484	3.2853685149082437	1.3057637676003164	0.9214784479247524	1.7160552045847577
SKNSH_skew	[1.0,1.5)	PLS	4	274	3204935	25747115	6.846325665949586	2.898435794484776	21.251286846087485	2.7753299200830246	1.5352745277016597	4.409478299443951
SKNSH_skew	[1.0,1.5)	dELS	177	3834	3204935	25747115	2.6821127435393195	2.3073025812626056	3.134516901118449	1.4233698827033863	1.2062072124570418	1.6482431087157414
SKNSH_skew	[1.0,1.5)	non-cCRE	327	6790	3204935	25747115	2.577633149969629	2.3069298515914456	2.8886668157854385	1.3660469532342672	1.2059741356638072	1.5304038103634376
SKNSH_skew	[1.0,1.5)	pELS	31	816	3204935	25747115	3.1781365961920165	2.2332366166151583	4.677870618745077	1.6681811329978882	1.1591361161547444	2.2258519599639315
SKNSH_skew	[1.5,Inf)	Other cCREs	13	391	3204935	25747115	3.4854090623128426	2.0524585105183135	6.434554170662372	1.8013279868074497	1.0373530588973743	2.6858401922600508
SKNSH_skew	[1.5,Inf)	PLS	2	77	3204935	25747115	3.2364230657725552	1.0673363531919642	16.031456577876977	1.6944002094358293	0.09401488901518819	4.002833605982633
SKNSH_skew	[1.5,Inf)	dELS	57	1365	3204935	25747115	2.93176360945207	2.253952920683606	3.882051714566881	1.5517687824553568	1.1724573816123374	1.9568193369728113
SKNSH_skew	[1.5,Inf)	non-cCRE	111	2345	3204935	25747115	2.607506999634368	2.156690227291864	3.1807755381329605	1.3826711255443647	1.1088189722129174	1.6693785669581425
SKNSH_skew	[1.5,Inf)	pELS	5	259	3204935	25747115	5.394070223840317	2.4449155119729644	14.836520614770974	2.4313743037252964	1.2897846113682427	3.8910808930209084
mean_skew	(-Inf,-1.5)	Other cCREs	22	468	3204935	25747115	2.5382880856229733	1.671140494534808	4.043729417430803	1.3438558186325766	0.7408330273836539	2.0156864638109053
mean_skew	(-Inf,-1.5)	PLS	6	263	3204935	25747115	4.694618837235366	2.246772872950643	11.790949151143208	2.231008028176525	1.1678542893466612	3.5596079523510342
mean_skew	(-Inf,-1.5)	dELS	67	1603	3204935	25747115	2.9363265670211804	2.303162811212201	3.8002802124405894	1.5540124281341217	1.2036163992445827	1.926105799133601
mean_skew	(-Inf,-1.5)	non-cCRE	90	1913	3204935	25747115	2.6182529148674454	2.1211381452451996	3.267556179238726	1.388604463746633	1.084838583607737	1.708212040553949
mean_skew	(-Inf,-1.5)	pELS	6	290	3204935	25747115	5.174755564346026	2.479826233844243	12.984652898563548	2.3714907168275183	1.3102390317596513	3.6987355437736027
mean_skew	[-0.05,0.05)	Other cCREs	126481	897108	3204935	25747115	0.8786824225295701	0.8734310421518856	0.883936629493185	-0.18658626083633204	-0.19523428879467428	-0.17798515014961852
mean_skew	[-0.05,0.05)	PLS	4065	38175	3204935	25747115	1.1690103087606452	1.1317414017141196	1.207690517938287	0.22528765213841886	0.1785443459040459	0.2722507978424641
mean_skew	[-0.05,0.05)	dELS	234189	2021042	3204935	25747115	1.0805802873276504	1.0757158578301578	1.0853578984113288	0.11180626870481519	0.10529705128246852	0.11817085199892037
mean_skew	[-0.05,0.05)	non-cCRE	2048413	14734004	3204935	25747115	0.7553496414833143	0.7535213157449855	0.7571962348648854	-0.4047834911517152	-0.4082797712731302	-0.4012608575848662
mean_skew	[-0.05,0.05)	pELS	36858	309577	3204935	25747115	1.046040849220943	1.034745326378693	1.057500743444913	0.06493919175479705	0.049275732380226096	0.08065867759005932
mean_skew	[-0.2,-0.05)	Other cCREs	20450	213630	3204935	25747115	1.3027904543983009	1.2841989062119832	1.3217982908979806	0.3816050541965574	0.360868675031215	0.4025020354507395
mean_skew	[-0.2,-0.05)	PLS	1310	19287	3204935	25747115	1.8319891627891778	1.7321975474548315	1.9389082518990428	0.8734109691354277	0.7926034707583082	0.9552445375025074
mean_skew	[-0.2,-0.05)	dELS	44366	560167	3204935	25747115	1.5843375792403467	1.5690040254779498	1.5999178167887849	0.6638797672398065	0.6498490537270593	0.677997799889892
mean_skew	[-0.2,-0.05)	non-cCRE	268424	2614919	3204935	25747115	1.2366585011377247	1.2315747123744747	1.241807165225865	0.30644716018934043	0.3005041502913405	0.31244116118190296
mean_skew	[-0.2,-0.05)	pELS	7502	92823	3204935	25747115	1.5419371950839942	1.5059716455566896	1.5789073083898029	0.6247440037833415	0.5906946071945387	0.6589264785752559
mean_skew	[-0.5,-0.2)	Other cCREs	1879	33604	3204935	25747115	2.226637895042882	2.1254435696609573	2.333751597774987	1.1548669602354482	1.0877639560596468	1.2226510101756385
mean_skew	[-0.5,-0.2)	PLS	266	6894	3204935	25747115	3.21509773410115	2.84455028973893	3.6465136309493724	1.6848625939637771	1.5082005871376543	1.8665177870032805
mean_skew	[-0.5,-0.2)	dELS	5026	101069	3204935	25747115	2.5085974053661815	2.438555165767817	2.5813131306891983	1.3268809570420108	1.2860266098474014	1.3681051606845218
mean_skew	[-0.5,-0.2)	non-cCRE	15850	265447	3204935	25747115	2.0958524153776907	2.0623361810691514	2.1299138519197185	1.0675371295188887	1.044279525348467	1.0907950793141932
mean_skew	[-0.5,-0.2)	pELS	906	19015	3204935	25747115	2.610964334111307	2.4424576736129096	2.7936731360657268	1.3845827505070616	1.2883335613347644	1.482163233144352
mean_skew	[-1.0,-0.5)	Other cCREs	298	6685	3204935	25747115	2.7839314522997447	2.4790134947513334	3.136604451843814	1.4771236886849457	1.309766124896937	1.6492036065344957
mean_skew	[-1.0,-0.5)	PLS	52	2192	3204935	25747115	5.150904578383335	3.9229321389062486	6.8986715422180955	2.364825814072409	1.9719323790779681	2.7863185729088684
mean_skew	[-1.0,-0.5)	dELS	762	21698	3204935	25747115	3.54216634665668	3.295209359088376	3.812297925097823	1.8246319652974627	1.7203701288822977	1.9306608680060033
mean_skew	[-1.0,-0.5)	non-cCRE	1300	29924	3204935	25747115	2.865343329053975	2.71060290383558	3.0314382554947246	1.5187080148800847	1.4386137776431813	1.6000024378441369
mean_skew	[-1.0,-0.5)	pELS	146	4228	3204935	25747115	3.581481999427091	3.037788961557604	4.250766098851185	1.8405566910652318	1.6030216477564676	2.0877228759351136
mean_skew	[-1.5,-1.0)	Other cCREs	65	1418	3204935	25747115	2.6763600869644764	2.0905042336211994	3.479685526305278	1.4202722343384835	1.0638509650840953	1.798956929596946
mean_skew	[-1.5,-1.0)	PLS	6	544	3204935	25747115	9.691647123429163	4.671827570480887	24.20996589825394	3.276741876668457	2.223987027684798	4.597529142069955
mean_skew	[-1.5,-1.0)	dELS	139	4643	3204935	25747115	4.129662065345977	3.490175185185209	4.92130641811175	2.0460237291999794	1.8032994526111084	2.2990413466098145
mean_skew	[-1.5,-1.0)	non-cCRE	215	5210	3204935	25747115	3.0034265295951554	2.620802697523051	3.4575855536722147	1.5866093728088972	1.390008747020255	1.7897649495193955
mean_skew	[-1.5,-1.0)	pELS	30	876	3204935	25747115	3.521595732684994	2.4626995725419554	5.215055929354533	1.8162293021486937	1.3002406425994382	2.3826827251457594
mean_skew	[0.05,0.2)	Other cCREs	21319	202705	3204935	25747115	1.1850011201715782	1.1682968766512092	1.2018995704493807	0.24488842289165003	0.22440692494544767	0.2653163509011208
mean_skew	[0.05,0.2)	PLS	1344	17975	3204935	25747115	1.6641116836571936	1.5742715430895386	1.7602623850988708	0.7347522604330002	0.6546844100196587	0.815790493332339
mean_skew	[0.05,0.2)	dELS	46496	522894	3204935	25747115	1.4081347181539792	1.394791056779298	1.4216821377642361	0.49378536516495325	0.4800490188820298	0.5075989406730264
mean_skew	[0.05,0.2)	non-cCRE	281445	2405818	3204935	25747115	1.070666754743523	1.0662950478011912	1.0750385374115798	0.09850951081530272	0.09260669241488069	0.10438837770873001
mean_skew	[0.05,0.2)	pELS	8127	92824	3204935	25747115	1.4231077692430163	1.391158146229135	1.4559496295028949	0.5090449185511691	0.47628643412288174	0.5419604444628381
mean_skew	[0.2,0.5)	Other cCREs	1869	31481	3204935	25747115	2.096955140302217	2.0012786305593417	2.1982854490511183	1.0682959985085252	1.0009220422770826	1.136378733508259
mean_skew	[0.2,0.5)	PLS	303	5519	3204935	25747115	2.26052111559733	2.0135826437196025	2.545672596804987	1.1766553939786244	1.0097646862084837	1.3480468837565833
mean_skew	[0.2,0.5)	dELS	4877	93543	3204935	25747115	2.3921286825419084	2.324055274851801	2.462429218550603	1.258295000184654	1.216644381912087	1.3000822555279345
mean_skew	[0.2,0.5)	non-cCRE	15584	270906	3204935	25747115	2.176113012088026	2.1411662545669605	2.2118719838915597	1.1217534820226516	1.0983968206309767	1.1452678893930177
mean_skew	[0.2,0.5)	pELS	994	19253	3204935	25747115	2.4097892454699075	2.2609952899792547	2.570980079982244	1.2689069772390669	1.1769579867242719	1.3623184321777284
mean_skew	[0.5,1.0)	Other cCREs	267	5217	3204935	25747115	2.4238855810581206	2.143457330723967	2.7505757120223597	1.2773215983421942	1.0999396980666447	1.459733614983191
mean_skew	[0.5,1.0)	PLS	40	1203	3204935	25747115	3.655513405338687	2.6783585907769694	5.120395816511587	1.8700740423801896	1.4213491281388393	2.356255337656223
mean_skew	[0.5,1.0)	dELS	746	16939	3204935	25747115	2.8240246231155246	2.6241820482604505	3.0425350380152434	1.4977526677492454	1.3918678079941953	1.6052738771969395
mean_skew	[0.5,1.0)	non-cCRE	1565	35480	3204935	25747115	2.8228110939139697	2.6833888310739598	2.9712501011223074	1.4971325850424901	1.424056120575867	1.571070047267802
mean_skew	[0.5,1.0)	pELS	124	3862	3204935	25747115	3.8472809887520834	3.2191037799714364	4.634852621866942	1.9438392016842228	1.6866590882901695	2.2125234650466825
mean_skew	[1.0,1.5)	Other cCREs	43	858	3204935	25747115	2.4301894981558845	1.7946018786214217	3.369812357323747	1.281068814814812	0.843663826530884	1.7526682594500385
mean_skew	[1.0,1.5)	PLS	5	201	3204935	25747115	4.1907685838971265	1.8921520179140126	11.554716048885078	2.067214857407006	0.9200280012990801	3.5304099016510335
mean_skew	[1.0,1.5)	dELS	180	3009	3204935	25747115	2.0701639253377184	1.7812790342917166	2.4185889419774096	1.0497450116416003	0.8329135298348025	1.274165592896588
mean_skew	[1.0,1.5)	non-cCRE	276	5145	3204935	25747115	2.3127592603281544	2.048976700248719	2.6194450900213777	1.2096151008178624	1.034903578967633	1.3892612199057497
mean_skew	[1.0,1.5)	pELS	26	718	3204935	25747115	3.314855635097024	2.2592022621936376	5.065562884951948	1.7289460410573785	1.1758134383277457	2.3407225900942206
mean_skew	[1.5,Inf)	Other cCREs	10	241	3204935	25747115	2.7385227705293502	1.503490716316639	5.559378268268402	1.4533978762741353	0.5883159596543192	2.4749235485170846
mean_skew	[1.5,Inf)	PLS	1	49	3204935	25747115	3.1119429273130423	0.8176185944777163	26.402790320289526	1.6378156017002363	-0.290500088122905	4.722618500551371
mean_skew	[1.5,Inf)	dELS	25	903	3204935	25747115	4.3281047982785905	2.934224563739354	6.662261393701809	2.1137354321883794	1.552979288392154	2.736011959235807
mean_skew	[1.5,Inf)	non-cCRE	74	1432	3204935	25747115	2.3784283263199484	1.8850168471527557	3.041830967511955	1.2500085504965919	0.914577417496656	1.6049399857028572
mean_skew	[1.5,Inf)	pELS	6	224	3204935	25747115	4.001089818541114	1.9102726327066912	10.06617902424805	2.0003930154141787	0.9337785533317066	3.331444256000735
