skew_type	skew_bin	ccre_class	n	n_MR	sum_MR	sum_MR_sq	n_phyloP	sum_phyloP	sum_phyloP_sq	n_conserved	n_tf_chip_peak	n_tf_footprint	n_in	n_out	prop_in	gw_in	gw_out	odds	lci	uci	pval
mean_skew	(-Inf,-1.5)	PLS	4082	4082	1472.867	1990.296065	4079	13255.30400350865	93013.81926846816	2143	1552	2810	1552	2530	0.3802057814796668	630473	1221791	1.1895261640953971	1.115913691659245	1.2676838198650038	9.198202992996316e-8
mean_skew	(-Inf,-1.5)	dELS	38651	38649	32402.074	69593.091282	38573	-2023.4070012718444	136764.84714195837	2617	3901	16974	3901	34750	0.10092882460997128	5439935	68287483	1.409789369555518	1.363520408800039	1.457252087690692	3.682144950398164e-84
mean_skew	(-Inf,-1.5)	non-cCRE	73105	73072	78766.375	178300.267705	72451	-34751.47294242855	131579.95150642018	473	3249	1609	3249	69856	0.04444292456056357	9414653	393678981	1.945743738572685	1.8779254296143673	2.0154196596152496	3.0542783402450435e-248
mean_skew	(-Inf,-1.5)	pELS	5941	5941	3732.898	7149.402922	5938	5155.873997278048	47855.4968745778	1125	1594	3202	1594	4347	0.26830499915839084	2429006	8436266	1.2742477028617973	1.202415659334316	1.3498325185779434	4.583502402179811e-16
mean_skew	[-0.05,0.05)	PLS	781434	776399	161500.537	146345.360561	780785	175674.34789312675	3565243.960793976	85050	248942	249971	248942	532492	0.3185707302216182	630473	1221791	0.8446256301357894	0.8393856746377084	0.849896391901332	0
mean_skew	[-0.05,0.05)	dELS	44819964	44808536	11215260.910999987	14898848.858437045	44761226	2711511.2516023624	101146987.13927723	2272309	3052904	4197465	3052904	41767060	0.06811482490258136	5439935	68287483	0.8120935752204431	0.8106780374725845	0.8134895728264342	0
mean_skew	[-0.05,0.05)	non-cCRE	300276644	300125299	69129009.32099964	89533144.2239522	296738718	-28551962.123907413	336980404.80875725	4248978	6385630	1006962	6385630	293891014	0.0212658231254243	9414653	393678981	0.7158022903789886	0.7148226279962209	0.716790290088355	0
mean_skew	[-0.05,0.05)	pELS	6263870	6257649	1423632.525	1628391.138129	6257937	379565.7980156528	14647973.521846903	325676	1308218	785102	1308218	4955652	0.20885139697982238	2429006	8436266	0.8198133441981785	0.8174401931072713	0.822192856498317	0
mean_skew	[-0.2,-0.05)	PLS	416240	415314	115861.465	130657.994247	415866	199504.20497920184	2330956.257092432	63299	146053	179539	146053	270187	0.3508865077839708	630473	1221791	1.0618932338101792	1.0542245800094405	1.0696109580421511	3.711119624286877e-59
mean_skew	[-0.2,-0.05)	dELS	12036621	12032884	5990088.542	11137597.217528004	12016417	-602183.289455111	30699900.05560243	600117	994181	1824098	994181	11042440	0.08259635324564926	5439935	68287483	1.1593311443509249	1.1566426551683118	1.1619355108665776	0
mean_skew	[-0.2,-0.05)	non-cCRE	43081688	43048644	21153993.456999995	41709995.77638897	42528544	-8231279.698026931	59172960.31490241	612380	1279466	357094	1279466	41802222	0.029698604195824454	9414653	393678981	1.3238894570352677	1.321357473528455	1.3263600065517966	0
mean_skew	[-0.2,-0.05)	pELS	1900109	1898261	762262.329	1204663.754689	1897808	125413.6210439668	5539558.101923968	125848	458154	402012	458154	1441955	0.24111985154535873	2429006	8436266	1.127576023399647	1.1234068056236444	1.1317223788723352	0
mean_skew	[-0.5,-0.2)	PLS	154255	154097	40628.936	42898.657418	154158	169009.89595559266	1253718.5213320043	37558	57187	81874	57187	97068	0.3707302842695537	630473	1221791	1.1558320098833719	1.1434081551607098	1.1684347541446183	2.5299150559339445e-150
mean_skew	[-0.5,-0.2)	dELS	2449358	2448537	1366019.904	2609049.365108	2444992	-175907.00913036492	6925578.240593849	132386	231387	591056	231387	2217971	0.09446842805339195	5439935	68287483	1.3233283368815798	1.3176356585790963	1.3291580116614643	0
mean_skew	[-0.5,-0.2)	non-cCRE	5383911	5379211	3520804.888	7159648.814744	5330181	-1671147.209556833	8426497.557637658	64992	208949	87573	208949	5174962	0.038809891173906846	9414653	393678981	1.7040099312539394	1.6964511592155946	1.7115270999239691	0
mean_skew	[-0.5,-0.2)	pELS	427926	427421	179838.229	285013.803037	427303	102303.23599986744	1661649.771738611	42214	114081	139039	114081	313845	0.26659048527081786	2429006	8436266	1.2754072524660056	1.2665478165901323	1.2842365613087283	0
mean_skew	[-1.0,-0.5)	PLS	53007	52994	14880.256	16471.118376	52977	102774.3559716857	677338.2470084938	19402	20257	32731	20257	32750	0.3821570735940536	630473	1221791	1.2052533269142713	1.1839536072223655	1.2269652217939586	1.143362383754536e-92
mean_skew	[-1.0,-0.5)	dELS	615734	615611	380846.462	745203.94851	614635	5062.622893198966	2146066.768785348	43293	61958	215794	61958	553776	0.10062462037178392	5439935	68287483	1.4091332422018608	1.397399618143963	1.4209720345938623	0
mean_skew	[-1.0,-0.5)	non-cCRE	915473	914992	702962.434	1510588.37472	907472	-318128.3105041496	1562767.0047608542	11188	41104	23240	41104	874369	0.044899194187048665	9414653	393678981	1.9700280491745545	1.9505044250119195	1.9897648604895815	0
mean_skew	[-1.0,-0.5)	pELS	106887	106801	48339.677	78691.864137	106711	56482.23901360098	594276.9656291849	15441	29816	46167	29816	77071	0.27894879639245185	2429006	8436266	1.3479284187292147	1.3298864385233868	1.3661592820890258	0
mean_skew	[-1.5,-1.0)	PLS	12488	12484	3734.4	4474.651794	12471	34667.54797589255	229699.88482884175	5986	5002	8467	5002	7486	0.40054452274183217	630473	1221791	1.2972680754233956	1.2513306682228527	1.3449175974319245	6.685613560540733e-45
mean_skew	[-1.5,-1.0)	dELS	123550	123532	81675.89	166782.881494	123277	10906.66699808242	464089.6376422137	9652	12780	52160	12780	110770	0.10343990287333063	5439935	68287483	1.449434172012859	1.4230377058785275	1.476272645148745	9.4764646934e-313
mean_skew	[-1.5,-1.0)	non-cCRE	194394	194316	168252.253	377884.552397	192343	-67118.15683932623	308199.29107094585	1844	9057	4682	9057	185337	0.04659094416494336	9414653	393678981	2.044643647666299	2.0017231592537525	2.088263191780396	0
mean_skew	[-1.5,-1.0)	pELS	20503	20485	10170.348	17591.603004	20470	15736.004017203477	145111.3701435394	3673	5733	10109	5733	14770	0.2796176169341072	2429006	8436266	1.3490696977060714	1.308297228623411	1.3909861940853494	1.0230438869162371e-78
mean_skew	[0.05,0.2)	PLS	313963	313022	51076.427	30089.251579	313720	86324.60595887485	1640181.6259570287	40148	109027	116234	109027	204936	0.34726066447320225	630473	1221791	1.0374206894503084	1.029078222133743	1.0458569591933777	4.79018057693546e-19
mean_skew	[0.05,0.2)	dELS	11150681	11148116	2075569.804	1840973.8854980003	11134829	-625822.7076987294	26637324.95422929	509217	860464	1341812	860464	10290217	0.07716694612642941	5439935	68287483	1.0590214119393166	1.0564680253940069	1.0615422184358903	0
mean_skew	[0.05,0.2)	non-cCRE	46523755	46499324	8207783.258999991	6971771.180948983	45962942	-7068293.57159667	57314339.16248618	591546	1247765	268865	1247765	45275990	0.02681995466617	9414653	393678981	1.1756726173047063	1.173424716589103	1.1779486108840476	0
mean_skew	[0.05,0.2)	pELS	1700743	1699282	289315.886	213072.229398	1698953	41004.2370044001	4556654.496905348	98582	395931	286391	395931	1304812	0.23279884144753205	2429006	8436266	1.0643780442132806	1.0602400464129804	1.0685184784726796	4.2600115663455144e-216
mean_skew	[0.2,0.5)	PLS	90126	89984	14702.7	9000.873186	90065	49253.06397302752	556200.0747032574	15079	32706	37790	32706	57420	0.3628919512682245	630473	1221791	1.1095005470316834	1.0940999901655908	1.1251124463111666	5.481533919156135e-48
mean_skew	[0.2,0.5)	dELS	1965695	1965104	410725.89	456709.371276	1962468	-120462.2980002238	4755142.694265989	91144	173052	313389	173052	1792643	0.08803603814426958	5439935	68287483	1.218761988913114	1.2127028558130883	1.2249308568651849	0
mean_skew	[0.2,0.5)	non-cCRE	5469817	5465663	1097316.176	1242129.829532	5413034	-927647.2686759564	6956406.747256499	67586	191483	54242	191483	5278334	0.0350072040801365	9414653	393678981	1.5276616978129962	1.5206497162398984	1.5347975662912332	0
mean_skew	[0.2,0.5)	pELS	341338	341026	62004.751	53277.346503	340898	46903.91304374405	1072494.9119457202	26040	88786	78155	88786	252552	0.2601116781606502	2429006	8436266	1.2293974368125027	1.2198524583942119	1.2389673510697141	0
mean_skew	[0.5,1.0)	PLS	22121	22082	3744.936	2420.061784	22112	15838.655993747749	153735.72575786046	4216	8118	9445	8118	14003	0.3669816011934361	630473	1221791	1.125124225686311	1.0944602519695277	1.1566059659928054	6.666496952599376e-17
mean_skew	[0.5,1.0)	dELS	430682	430562	100076.533	125478.202031	430015	-45979.97994193973	1053573.761858926	19199	40128	78481	40128	390554	0.09317315327782448	5439935	68287483	1.2919552673528423	1.2786737723516253	1.305358668403435	0
mean_skew	[0.5,1.0)	non-cCRE	980225	979565	205153.035	246698.509443	971731	-188892.2386758631	1270950.02350537	11061	39341	12659	39341	940884	0.040134662960034685	9414653	393678981	1.7516055606720622	1.733881601258264	1.769444847234237	0
mean_skew	[0.5,1.0)	pELS	79046	78971	14929.523	13674.780841	78929	14842.88599718642	274456.0389814463	6890	21373	20243	21373	57673	0.2703868633453938	2429006	8436266	1.289692877838799	1.2694792928517051	1.3101641651561007	3.4373339046404692e-211
mean_skew	[1.0,1.5)	PLS	3727	3724	594.125	325.030951	3724	3048.672004914376	27979.369480083056	753	1352	1497	1352	2375	0.3627582506037027	630473	1221791	1.1037414946789155	1.0316693907123577	1.1804922790169952	0.004080032527776473
mean_skew	[1.0,1.5)	dELS	75500	75485	17670.426	23087.171904	75365	-8887.001986477291	183639.34996868137	3317	7135	14191	7135	68365	0.09450331125827814	5439935	68287483	1.3106794649287012	1.2789199032390217	1.3430681759737502	1.4314147157448995e-97
mean_skew	[1.0,1.5)	non-cCRE	152273	152195	27095.078	27905.057914	150883	-36441.56995941722	206713.93752476756	1517	6824	2222	6824	145449	0.04481424809388401	9414653	393678981	1.9628267564682318	1.9154802488049572	2.011175638057165	0
mean_skew	[1.0,1.5)	pELS	14644	14615	2638.653	2330.116897	14627	2320.8770037000063	48006.28471395328	1222	4119	4030	4119	10525	0.2812756077574433	2429006	8436266	1.360035142940777	1.3115760862925663	1.410099324821754	6.425740439091044e-60
mean_skew	[1.5,Inf)	PLS	821	817	130.861	74.659995	821	532.96800020081	4874.291246969352	138	277	332	277	544	0.3373934226552984	630473	1221791	0.9884979343871693	0.8524384237764738	1.1442498979987241	0.9121192620639524
mean_skew	[1.5,Inf)	dELS	20982	20976	3825.131	3813.753021	20949	-3189.432994213538	48660.98806490829	810	2045	3633	2045	18937	0.09746449337527405	5439935	68287483	1.356310175913204	1.295179848839317	1.4196798213265076	2.7148160000322057e-36
mean_skew	[1.5,Inf)	non-cCRE	42349	42330	5854.89	3372.235668	41947	-12649.381987916076	61633.57712050998	371	1785	594	1785	40564	0.042149755602257435	9414653	393678981	1.8413046397329387	1.754942283007827	1.9306570085443278	6.3145506914559155e-118
mean_skew	[1.5,Inf)	pELS	4265	4251	675.9159999999999	458.024594	4260	775.1930023320024	13229.274346676284	368	1201	1159	1201	3064	0.2815943728018757	2429006	8436266	1.3622360444379051	1.2732634384830857	1.4566461765378806	7.05913276678536e-19
