skew_type	skew_bin	ccre_class	n_COMMON	n_SINGLETON	n_MR_COMMON	n_MR_SINGLETON	sum_MR_COMMON	sum_MR_SINGLETON	sum_MR_sq_COMMON	sum_MR_sq_SINGLETON	n_phyloP_COMMON	n_phyloP_SINGLETON	sum_phyloP_COMMON	sum_phyloP_SINGLETON	sum_phyloP_sq_COMMON	sum_phyloP_sq_SINGLETON	n_conserved_COMMON	n_conserved_SINGLETON	n_tf_chip_peak_COMMON	n_tf_chip_peak_SINGLETON	n_tf_footprint_COMMON	n_tf_footprint_SINGLETON	gw_SINGLETON	gw_COMMON	odds	lci	uci	log2odds	log2lci	log2uci
HepG2_skew	(-Inf,-1.5)	Other cCREs	308	4531	308	4531	408.58	1910.667	939.875226	3392.131811	307	4512	-207.9929996514693	-823.48200145748	668.0913893147012	7657.430999447568	4	90	18	160	42	768	271223115	11777645	0.636891376391896	0.5674315352437718	0.7169880101232609	-0.650880757105478	-0.817481763669597	-0.47997910131630905
HepG2_skew	(-Inf,-1.5)	PLS	27	1305	27	1305	17.5	346.999	29.95657	348.071289	27	1302	-4.35600005136803	4258.616002467344	40.11592525457867	30765.483606449452	2	664	14	470	15	877	271223115	11777645	2.0254534110217883	1.394772220833391	3.0602019734407513	1.0182449008916237	0.48002953588555575	1.613626873985053
HepG2_skew	(-Inf,-1.5)	dELS	849	14792	849	14791	1004.703	5366.0199999999995	2278.408757	9409.67464	849	14776	-405.1580004859715	4344.557996762916	2431.5882824871587	54659.50659470954	31	1373	97	1480	294	6841	271223115	11777645	0.7557221121858629	0.7051805289205875	0.8107544827657045	-0.40407225868373764	-0.5039354546273398	-0.3026629993379832
HepG2_skew	(-Inf,-1.5)	non-cCRE	1890	21338	1889	21330	2777.552	9897.79	6460.309712	18379.743776	1880	21198	-1481.3839987706167	-4911.402987363979	4355.845741646211	31697.3900304828	5	259	97	937	31	613	271223115	11777645	0.4899804385647775	0.46746954619668024	0.5138416327032279	-1.029203941065468	-1.0970557127365186	-0.9606043092395578
HepG2_skew	(-Inf,-1.5)	pELS	100	2279	100	2279	94.845	775.355	191.785667	1160.844687	100	2278	-61.558000296354265	2334.9440004378553	238.8176215811977	19414.222196918166	0	466	22	597	37	1190	271223115	11777645	0.9802648305655518	0.8029456556517504	1.2086560043257855	-0.02875653124264336	-0.31662574721307013	0.27340369746557863
HepG2_skew	[-0.05,0.05)	Other cCREs	424293	10034661	423823	10029062	156101.162	1423461.64	257643.595838	929860.9755280002	421936	9997708	-123921.21297290304	451180.93564969505	753879.0265766333	14933508.449329857	8732	326827	16613	281679	15098	361474	271223115	11777645	1.0280308090020722	1.0247894481126953	1.0312315109706804	0.03988350123263528	0.03532752595821996	0.04436825339963731
HepG2_skew	[-0.05,0.05)	PLS	14780	422431	14755	422009	3832.852	67309.816	4424.915096	38268.084054	14755	422141	-3592.0810002624053	130528.2968835068	61308.88353864876	1905897.4445597185	944	49000	5261	135344	4529	140080	271223115	11777645	1.2414162689701367	1.2212169772538426	1.2620086286708911	0.31198695791808584	0.2883195510196595	0.33572177442358964
HepG2_skew	[-0.05,0.05)	dELS	922053	23180490	921641	23175363	333633.305	3411362.565999995	526730.595353	2432440.751882002	920557	23151787	-224975.37897197373	3144519.444997131	2079098.16711959	50366476.38508536	29707	1248553	78020	1538114	87658	2142773	271223115	11777645	1.1002678152629994	1.097848880381181	1.1026585864348106	0.13785473168110723	0.13467948009062702	0.14098616182327334
HepG2_skew	[-0.05,0.05)	non-cCRE	6730454	157618909	6723538	157558731	2390977.423	21506633.794	3947247.898775	12579748.530994153	6654534	155960320	-2384062.2222945234	-5983943.545565496	10012494.011714824	161614193.75984818	63698	2379251	183846	3244187	21630	517826	271223115	11777645	1.0404706504788397	1.0391938577744049	1.0416729136885778	0.057236270209412334	0.055464808776998005	0.05890234107325516
HepG2_skew	[-0.05,0.05)	pELS	122277	3278547	122161	3276663	37734.629	497885.522	52525.789603	331163.795092	122106	3276035	-31414.15196676042	417621.9689013193	287861.8237707325	7406305.6130692465	3884	181141	28796	683562	14872	415884	271223115	11777645	1.1663133548164872	1.1596705781562933	1.1729996727985172	0.22195545123525187	0.2137150443566556	0.23020261093502978
HepG2_skew	[-0.2,-0.05)	Other cCREs	109501	2140383	109386	2139073	76623.003	412878.49	157520.658435	469582.060388	108796	2130403	-48183.42396537227	538.7832756254544	216890.31651634385	3185496.1235726383	1684	62037	5034	70988	5777	114138	271223115	11777645	0.847590617624316	0.842461885420124	0.8527901807526208	-0.23856047695286775	-0.2473166773872026	-0.2297372682596162
HepG2_skew	[-0.2,-0.05)	PLS	7104	222483	7097	222301	2452.234	42083.55	3309.606234	28718.201344	7093	222336	-925.6809985671424	142796.77901673902	29410.799329123827	1277846.952968462	567	37333	2737	78288	2672	96661	271223115	11777645	1.360074159394954	1.3283153794589158	1.3928342922806913	0.44368531800093153	0.409597723765129	0.4780236284163131
HepG2_skew	[-0.2,-0.05)	dELS	284805	6142399	284670	6141028	188365.78	1254941.805	367401.067698	1458000.147975	284318	6133830	-109026.28498708106	798608.9655311593	727894.6101453378	14418747.3148789	8319	351261	28227	495715	41266	897304	271223115	11777645	0.9350877122283784	0.9315016420585713	0.9385953699563642	-0.0968263972006347	-0.10236978252380997	-0.09142475124552878
HepG2_skew	[-0.2,-0.05)	non-cCRE	1130833	21390793	1129860	21381443	795369.559	3951040.099999994	1668781.908111	4545442.435900003	1118384	21151938	-548307.3755248328	-872034.3472903447	2048181.349622192	24247354.489497673	10108	364837	42032	610393	8136	176721	271223115	11777645	0.8061194178025113	0.8045191936871938	0.8077358778525497	-0.31093452076205047	-0.31380125466329484	-0.3080444727086359
HepG2_skew	[-0.2,-0.05)	pELS	40420	1000314	40381	999726	20636.179	206269.775	35145.021237	202048.520641	40349	999394	-12058.65300123406	221753.24496510113	107515.5155115027	2806118.4812219674	1469	74627	10523	243261	7460	211123	271223115	11777645	1.074913135957377	1.0642353112910878	1.0857208185368357	0.10422007991995182	0.08981717799958608	0.1186531772744593
HepG2_skew	[-0.5,-0.2)	Other cCREs	20817	382360	20799	382150	17548.395	84352.815	37710.706993	106664.317955	20645	380361	-10769.417995445549	-14919.353940454552	45004.9771944213	604371.8659107591	292	10677	1093	13956	1744	36337	271223115	11777645	0.7972810524992354	0.7862422394625234	0.8085565438304154	-0.3268397112348853	-0.3469542228244492	-0.3065794273711032
HepG2_skew	[-0.5,-0.2)	PLS	2099	75938	2092	75893	747.931	14339.947	1010.876259	9700.773815	2097	75881	317.23899858584616	102319.68096044289	10352.228418959496	690158.3453802866	252	20859	919	27911	965	40685	271223115	11777645	1.5704509223370031	1.5037284470350067	1.6408752000011497	0.6511788584898134	0.588544059377379	0.7144655160080935
HepG2_skew	[-0.5,-0.2)	dELS	58152	1205697	58133	1205466	44247.06	275189.83400000003	89674.70238	350927.103558	58029	1203785	-25696.012974750476	175522.87691650627	156121.33529715615	3273269.4556547236	1718	79109	6545	111021	12515	281001	271223115	11777645	0.8998782285261973	0.8923939411431965	0.9074547010403916	-0.1521983056531435	-0.16424737636619788	-0.14010246744345375
HepG2_skew	[-0.5,-0.2)	non-cCRE	141384	2358975	141272	2357873	123574.866	549795.269	268278.941122	738218.082407	140009	2335948	-82268.29593982035	-237199.7623049686	286098.1765900682	3004136.0018845308	1051	39758	6441	86411	1818	40536	271223115	11777645	0.7221137295044983	0.7182105292192917	0.7260373807175807	-0.46970202221980795	-0.47752129131237775	-0.46188426624269624
HepG2_skew	[-0.5,-0.2)	pELS	8213	215618	8212	215489	4933.927	47452.897	8992.281099	48432.909663	8191	215371	-2078.038002952352	92298.26702543849	23862.56077151259	865434.3866382133	415	24348	2376	58108	2178	69788	271223115	11777645	1.1400056378026349	1.1151775755658213	1.16556384123755	0.1890409591354474	0.15727345632502485	0.221028027130347
HepG2_skew	[-1.0,-0.5)	Other cCREs	5169	90066	5167	90033	4936.627	22260.015	10806.250163	30199.240291	5134	89596	-2850.299996991293	272.1810216696459	11598.03006861522	174334.82739215807	69	3141	319	3552	680	14523	271223115	11777645	0.7564168071296334	0.7355147834307331	0.7780760478804551	-0.40274667542149045	-0.44317375576230206	-0.36201692613065156
HepG2_skew	[-1.0,-0.5)	PLS	483	22843	483	22835	212.44	4613.241	335.207626	3448.043213	483	22833	262.7820011954754	52657.11898524873	3209.717307728794	337806.2158510778	93	9445	214	8785	229	14272	271223115	11777645	2.0496388975240167	1.8730413929234266	2.247499588412892	1.0353697601503689	0.9053827824990013	1.168320851537394
HepG2_skew	[-1.0,-0.5)	dELS	13782	279624	13777	279595	12115.383	71329.712	25338.548119	98519.981288	13758	279152	-6488.541005739478	76337.64993602212	39693.78959440669	999373.6048204132	448	24572	1662	27202	4078	96181	271223115	11777645	0.880853884704016	0.8659163424318531	0.8961157140907677	-0.18302536892623028	-0.20770044428715415	-0.1582430575084102
HepG2_skew	[-1.0,-0.5)	non-cCRE	26360	389979	26350	389844	27754.309	108325.206	62724.874475	161813.958426	26131	386292	-16839.595986169403	-47553.142879444415	56070.260317691296	531164.0527253541	176	6415	1246	16539	456	9808	271223115	11777645	0.6419049632996842	0.6339498486592728	0.649982156057121	-0.6395683787321895	-0.6575593806305463	-0.6215279824712922
HepG2_skew	[-1.0,-0.5)	pELS	1898	48514	1897	48491	1262.477	11604.526	2350.821589	12852.350918	1896	48449	-456.7359981829068	36912.00900121289	6631.886510609606	300544.94620218297	109	8172	552	13440	671	20667	271223115	11777645	1.1094068490693139	1.0596425693488194	1.162093255844024	0.14978853727126282	0.08357770781866794	0.21672584700860326
HepG2_skew	[-1.5,-1.0)	Other cCREs	933	16337	933	16335	982.991	4682.869	2220.795993	7263.971135	930	16225	-497.7550003533254	-822.8229987473461	1892.3228492216292	25377.93365900245	11	415	55	638	128	2725	271223115	11777645	0.7595846884075169	0.7110527762592094	0.8122058717511802	-0.39671727073379204	-0.49197145034266043	-0.30008263778556676
HepG2_skew	[-1.5,-1.0)	PLS	86	4635	86	4634	64.727	1038.958	138.948587	939.623192	85	4631	55.99599905451768	14850.758985930124	765.1515506289795	98614.78648501849	18	2479	38	1789	41	3108	271223115	11777645	2.313983306077907	1.8718729408736734	2.894545917974306	1.2103784563531415	0.9044825108868129	1.5333370431131272
HepG2_skew	[-1.5,-1.0)	dELS	2670	52126	2670	52121	2627.972	14594.595	5737.380534	22288.056179	2665	52040	-1189.058000503108	16125.453995057853	7955.264649273563	195280.5331046151	100	4847	323	4991	920	21514	271223115	11777645	0.8474345952690147	0.8150734202490005	0.8813614046943153	-0.2388260690835152	-0.29499807449049487	-0.1821943733063356
HepG2_skew	[-1.5,-1.0)	non-cCRE	5770	77070	5767	77038	7446.154	26541.798	17360.77807	45450.065156	5722	76386	-3769.560998219997	-10066.374949701249	11886.709362731994	96205.40859589886	32	1022	277	3537	89	1841	271223115	11777645	0.5798073463941558	0.5644905374839183	0.5956397725598878	-0.786354481841153	-0.8249786974842049	-0.747488004904272
HepG2_skew	[-1.5,-1.0)	pELS	336	8652	336	8650	225.646	2303.298	425.080648	2924.580848	335	8644	-105.7549983561038	8294.853001231793	1352.8652228152262	63527.86019218184	19	1666	101	2397	128	4176	271223115	11777645	1.1149884414082587	0.9998938015335052	1.2469116513264673	0.15702875444206577	-1.5322013697792705e-4	0.31835924807969196
HepG2_skew	[0.05,0.2)	Other cCREs	97108	2277143	97020	2275780	25604.958	305161.875	33179.749584	148225.769117	96573	2267235	-38533.657972938265	-116687.41880455051	187648.0289637353	3485647.3351009185	1546	60723	4338	73168	4342	100535	271223115	11777645	1.0184244767194544	1.0119070343366325	1.0250161760696634	0.02633899836744531	0.017076753211774237	0.03564667748812485
HepG2_skew	[0.05,0.2)	PLS	5783	167634	5767	167517	1075.49	23530.045	828.6894560000001	10239.802995	5771	167525	-1755.717002143618	60500.15599244276	25205.378238688052	865338.3094748408	378	22572	2194	57307	1998	61129	271223115	11777645	1.2587066515290994	1.2261154509784977	1.292371841275924	0.3319420942591768	0.2940948295280672	0.37002122203118043
HepG2_skew	[0.05,0.2)	dELS	246965	6130469	246859	6129329	63089.124	829565.812	76634.159734	428282.080084	246605	6122601	-92033.72799663628	96096.14272855142	613751.3409577558	14033519.520945072	6873	297049	24061	467505	30094	713238	271223115	11777645	1.0797278684476583	1.075325417023476	1.0841608537078335	0.11066774543306747	0.10477331700704427	0.116578820926575
HepG2_skew	[0.05,0.2)	non-cCRE	1063108	25273917	1062187	25264848	264669.057	3283027.355999992	332102.178717	1431716.2588180008	1051618	25006698	-468519.0397600776	-2420962.5549919866	1850942.2845411275	28723166.247611236	9041	345353	37269	667440	5962	142343	271223115	11777645	1.0356754697804047	1.0335964834020794	1.0377927766179291	0.050572003520598444	0.047673066681809734	0.05351839938806658
HepG2_skew	[0.05,0.2)	pELS	35064	937237	35040	936791	7653.487	126447.792	7906.619885	60238.309242	35007	936478	-11633.346994421674	79345.14603991131	91791.8749437004	2410379.008389759	1116	56701	9153	217023	5656	153898	271223115	11777645	1.1612264221605249	1.1489176162044863	1.1737180098965712	0.21564930405471883	0.20027535241883274	0.23108583724645113
HepG2_skew	[0.2,0.5)	Other cCREs	17046	363093	17031	362875	5726.321	50685.927	9133.355857	31575.459883	16894	361185	-8659.261004138854	-30831.53894436371	35853.84119843106	537219.2396485972	239	8365	834	13306	1053	19918	271223115	11777645	0.9248350770585648	0.910735367719584	0.939193498009728	-0.11273197760808286	-0.1348961837147734	-0.09050567411144927
HepG2_skew	[0.2,0.5)	PLS	1469	43651	1464	43627	268.827	6063.2660000000005	229.817083	2667.000986	1467	43634	-268.9269996501972	27687.729991517397	5663.900757589011	273913.3719510065	106	7606	620	15591	530	17626	271223115	11777645	1.289542335584759	1.2241672212417247	1.359240880857117	0.3668591374819868	0.291800643633582	0.44280114913189716
HepG2_skew	[0.2,0.5)	dELS	46837	1097438	46820	1097206	14008.306	152440.335	19770.827686	96217.277247	46747	1095844	-20665.945989353244	12214.384957701548	121551.838768401	2541209.822614674	1238	54095	5235	93964	7855	166135	271223115	11777645	1.0175228066204403	1.0081384795901966	1.0270119501935004	0.02506113122809643	0.011693823456969099	0.038452968788139405
HepG2_skew	[0.2,0.5)	non-cCRE	130270	2948947	130172	2947771	40329.439	392013.579	61503.962119	223778.508603	129081	2921681	-66673.57996519645	-315771.1143408725	248199.8135631258	3479903.4177227607	1023	40461	5782	98970	1234	27894	271223115	11777645	0.9828048383121143	0.977331692225624	0.9883112641093195	-0.02502313483511539	-0.03307981978006742	-0.01696261131128675
HepG2_skew	[0.2,0.5)	pELS	6880	185453	6872	185363	1649.146	25709.71	1935.684942	14031.378848	6861	185278	-2177.849000604358	32121.572024612335	19052.725889282257	554436.0783182121	266	14143	2017	47263	1507	40297	271223115	11777645	1.1704701027595892	1.1426462461730638	1.1991720929253427	0.22708808425655636	0.19237882622508515	0.262038714460209
HepG2_skew	[0.5,1.0)	Other cCREs	3683	73737	3680	73688	1315.335	10578.236	2198.236473	6923.728738	3653	73272	-2045.9669979832845	-8488.332998475527	8283.066087277739	108230.02178775107	43	1538	193	2747	330	4537	271223115	11777645	0.8691329502456515	0.8408360693913282	0.8986068591356258	-0.202351213602441	-0.25010353689095655	-0.15423802078120263
HepG2_skew	[0.5,1.0)	PLS	316	9541	315	9532	61.829	1428.16	60.626919	717.356344	316	9539	-45.457998807309146	7392.644993786818	1129.7845448323433	63536.52718076256	25	1823	135	3357	120	3900	271223115	11777645	1.3071244378226188	1.168620884829095	1.4665122863428792	0.38639649177138713	0.22480697752936285	0.5523891579490733
HepG2_skew	[0.5,1.0)	dELS	10237	232577	10233	232532	3440.04	33520.155	5304.931058	22215.868703	10215	232245	-4801.683000047458	-4262.936988653146	26738.919056357852	553128.4107088968	272	11293	1162	20637	2041	39529	271223115	11777645	0.9864597176230596	0.9671039766917497	1.006306712014513	-0.019667955618210494	-0.048257087715339715	0.009070090890914512
HepG2_skew	[0.5,1.0)	non-cCRE	24196	543327	24179	543080	7637.007	72721.963	11918.354151	39470.224419	23987	539196	-13711.014992714508	-67084.43784374699	49256.09370679188	643314.2705727242	177	6776	1166	20499	263	6165	271223115	11777645	0.9750059977485392	0.9624929592936983	0.9876725054261587	-0.03651700126053986	-0.05515210757346622	-0.017895345710048385
HepG2_skew	[0.5,1.0)	pELS	1546	41085	1545	41058	400.936	5792.68	486.194262	3147.316328	1541	41035	-599.8450008012586	8852.514002833625	4363.042980617051	135055.5294382965	58	3482	488	10678	362	9657	271223115	11777645	1.1533061684210761	1.0961781746763732	1.2141321131779523	0.20577555637863826	0.13248231547916076	0.2799254138971205
HepG2_skew	[1.0,1.5)	Other cCREs	651	12391	649	12383	196.408	1652.771	304.44594	970.477135	649	12299	-433.06899897486466	-1492.829996274784	1817.8545706762843	17378.989705230826	8	237	32	507	72	763	271223115	11777645	0.8253194308577388	0.7627661732290836	0.8943086407645099	-0.27697548810943734	-0.39068722973269654	-0.16115527952382366
HepG2_skew	[1.0,1.5)	PLS	47	1445	47	1443	14.932	202.905	22.572816	71.896507	47	1444	-24.49699972756207	1102.5600058488783	101.47732796679064	9283.984816063834	3	265	22	516	19	566	271223115	11777645	1.3081598012036637	0.98137541303911	1.7824288297674815	0.38753878725965385	-0.027122967694475156	0.8338444727469366
HepG2_skew	[1.0,1.5)	dELS	1793	41086	1793	41080	593.804	5675.545	937.855774	3687.195775	1792	41013	-851.4289993759013	-583.3969928172893	4554.117356901105	96972.5434203318	44	2008	207	3705	397	7128	271223115	11777645	0.9945195244548753	0.9485685951264603	1.0432349267247263	-0.007928400492267918	-0.07617598991639311	0.061064075840620846
HepG2_skew	[1.0,1.5)	non-cCRE	4348	88705	4344	88679	958.308	10955.993	1263.491806	4598.000751	4320	87998	-3011.4510039923457	-13173.57897294522	9893.808649972778	106279.26525980471	23	1025	240	3597	58	1107	271223115	11777645	0.8856811917663774	0.8590947064158613	0.9132368218154542	-0.17514061261706373	-0.2191109123652309	-0.13093906451924828
HepG2_skew	[1.0,1.5)	pELS	292	7683	292	7675	67.88	1039.842	82.48159	479.92676	290	7677	-70.83300040080209	1427.2430018141154	889.7845940486186	23407.129351544016	15	620	98	2012	83	1918	271223115	11777645	1.1388157933758531	1.0132622276759748	1.2841538603650897	0.18753440597910645	0.0190075854030598	0.360818068727612
HepG2_skew	[1.5,Inf)	Other cCREs	206	3650	206	3650	26.303	454.752	13.792397	139.523996	206	3635	-154.6599998623133	-639.412997844047	538.217563793209	5197.872070266855	1	67	14	126	18	197	271223115	11777645	0.7659002016130269	0.665640952537107	0.8853329627519074	-0.3847716766508705	-0.5871838990815942	-0.17570795791745247
HepG2_skew	[1.5,Inf)	PLS	13	357	13	356	1.6949999999999998	54.345	0.267279	24.017247	13	357	-0.6229999028146287	254.38600140903145	39.04069957030665	1810.133144898842	1	62	7	117	3	150	271223115	11777645	1.1104197072000739	0.6531751328853173	2.0518459063760552	0.15110507752045482	-0.6144582279711268	1.0369223886181478
HepG2_skew	[1.5,Inf)	dELS	566	11804	566	11802	146.135	1472.774	197.798539	622.599802	566	11786	-312.80999992333807	-640.8829941715812	1724.1973415301318	26277.235875169023	19	507	70	1078	136	1863	271223115	11777645	0.9040927633930566	0.8309712030038314	0.9853083823018309	-0.14545728859512475	-0.267129613082386	-0.021352764239646632
HepG2_skew	[1.5,Inf)	non-cCRE	1303	24515	1303	24505	188.932	2868.253	139.210366	704.571501	1293	24311	-1062.253000258701	-4170.178989122622	3312.195272628817	29851.04680214326	4	270	65	916	16	288	271223115	11777645	0.816386241666892	0.7720995744325908	0.8638052720161686	-0.2926762256551433	-0.37314117708782185	-0.21122197319265712
HepG2_skew	[1.5,Inf)	pELS	72	2141	72	2139	17.787	286.988	24.395533	118.690542	72	2139	-42.78600007854402	320.9080022434937	249.8962976687855	6319.707315141933	3	160	21	584	19	538	271223115	11777645	1.274178708952361	1.0089795786856317	1.6319328754695264	0.34956763586590806	0.012896975210264302	0.7065817177145426
K562_skew	(-Inf,-1.5)	Other cCREs	612	12640	612	12638	557.411	3480.055	1213.387305	4849.083213	605	12547	-297.34699930215737	403.4090039600856	1127.3099155677935	22528.73362667882	7	406	47	542	108	2769	271223115	11777645	0.8954693112451381	0.825669363791186	0.9726553036259331	-0.15928410463381512	-0.2763639194338361	-0.03999947164452292
K562_skew	(-Inf,-1.5)	PLS	61	4119	61	4119	32.861	909.173	49.062913	743.6379469999999	61	4115	30.51500046951702	13637.710995254229	501.99451311008494	90706.84019013269	11	2197	31	1601	34	3052	271223115	11777645	2.885636803284186	2.2462143258574434	3.7710602253030228	1.5288897284242142	1.167495591184411	1.9149701910662107
K562_skew	(-Inf,-1.5)	dELS	1581	36242	1581	36235	1367.553	9336.552	2847.191827	12849.669326	1577	36142	-606.8020015128423	15874.808994632103	4679.5709820113125	154087.47046535325	60	3838	191	3817	665	17938	271223115	11777645	0.9948304213320743	0.945954938795301	1.0468479009459442	-0.007477469887962415	-0.08015663344205627	0.06605184485594168
K562_skew	(-Inf,-1.5)	non-cCRE	3562	50423	3559	50395	4332.322	17920.627	9777.889246	29770.427817	3521	49753	-2233.065996946532	-6731.765963487095	6682.801055634089	54816.59540983155	5	506	212	2552	68	1507	271223115	11777645	0.6144783997431547	0.5939580701643399	0.6359072411188954	-0.7025657972774526	-0.751567005782373	-0.6531117578959112
K562_skew	(-Inf,-1.5)	pELS	209	6466	209	6465	136.247	1596.32	253.350151	1827.669894	209	6458	8.057001259061494	7741.556003420384	921.5874109066992	56009.15422892867	17	1442	66	1974	100	3807	271223115	11777645	1.3372713700588468	1.1654290715885067	1.541651505210311	0.4192922586338338	0.22086120422540909	0.6244766767139857
K562_skew	[-0.05,0.05)	Other cCREs	442512	10371626	442016	10365667	170406.2	1491159.179	287504.754634	1015157.6513950002	440039	10332098	-132856.75094321955	444649.57161251793	795779.3249620484	15570370.831947448	9050	338574	17363	292505	15745	369766	271223115	11777645	1.0184840747721915	1.0153519131252389	1.0216405521305496	0.026423422201880178	0.02197984103352144	0.03088769639888419
K562_skew	[-0.05,0.05)	PLS	14302	406810	14274	406372	3913.26	64909.502	4796.544898	38960.39257	14279	406527	-3694.389000174589	120943.3899185297	56725.15593649232	1785308.4734599278	871	45585	4973	127275	3943	124535	271223115	11777645	1.2354425238502655	1.2150079441030388	1.2562716592087353	0.3050278941268298	0.28096574665458773	0.32914846981487955
K562_skew	[-0.05,0.05)	dELS	986408	24554738	985997	24549906	375471.959	3690312.101999992	607005.976611	2763669.257152002	984812	24524128	-249110.4569289538	3251621.2849151813	2254334.775466517	53957300.61159999	31840	1331620	84340	1653615	93533	2270376	271223115	11777645	1.0890318461807602	1.0867537912982372	1.0913458059865468	0.12304614290264393	0.12002512867569434	0.1261083092999318
K562_skew	[-0.05,0.05)	non-cCRE	6907228	160814974	6900027	160752140	2540434.59	22130140.842999995	4271083.185094	13391823.57314118	6827617	159092802	-2469423.8861860977	-6115162.530754047	10414420.844036916	166914555.5044619	66373	2461537	190876	3352895	22565	538031	271223115	11777645	1.0270537404053472	1.0257936511263894	1.0282286496775548	0.03851167239403998	0.03674054728298789	0.04016111577303849
K562_skew	[-0.05,0.05)	pELS	129531	3444858	129423	3443026	41946.449	532089.385	59980.929157	370137.916987	129356	3442296	-34172.142972881666	431703.2378988363	306544.62353750895	7830763.91141395	4101	191002	30473	716103	15275	422775	271223115	11777645	1.156846175852247	1.150411840276831	1.1633039983232023	0.2101970441439713	0.2021504294823044	0.21822815576484947
K562_skew	[-0.2,-0.05)	Other cCREs	94608	1854371	94512	1853274	64240.008	350203.343	131898.721092	391834.398351	93980	1846188	-41890.05798920361	-18934.102750999184	186195.2280080768	2720578.837787424	1396	51889	4342	60930	4957	97164	271223115	11777645	0.8501068140303615	0.8445546125227703	0.855699014985517	-0.23428397082487148	-0.2437373779965308	-0.22482466502162676
K562_skew	[-0.2,-0.05)	PLS	6419	196039	6409	195892	2173.07	37511.127	2882.460106	25730.970795	6406	195903	-1057.0159976921282	111238.19995695878	28885.08806538049	1101888.5699319013	489	31297	2520	69634	2543	86329	271223115	11777645	1.32623425719499	1.2936377440734044	1.3597739732479435	0.4073356260116582	0.3714336776109266	0.44336686120020335
K562_skew	[-0.2,-0.05)	dELS	236965	5058930	236848	5057638	154596.282	1022562.042	302239.772054	1189182.363034	236584	5051863	-96257.85599947048	546413.8967364128	606632.8123725614	11708254.662542997	6697	278069	23390	398925	34899	732514	271223115	11777645	0.925688958081679	0.9218489247485736	0.9295326961549994	-0.11140058176388712	-0.11739775787119439	-0.10542248229660706
K562_skew	[-0.2,-0.05)	non-cCRE	992172	19351498	991389	19344257	646121.17	3408512.196999996	1339156.935808	3704884.816325003	982192	19151020	-478765.25162886153	-1040567.067322198	1757024.9454933205	21131359.738622792	8115	298916	35666	525283	6999	146526	271223115	11777645	0.8351943082920313	0.8334215170696523	0.8369789767800818	-0.25981621466878924	-0.26288174722396607	-0.2567367092396186
K562_skew	[-0.2,-0.05)	pELS	33828	831556	33792	831046	17078.141	171031.329	29326.110193	167690.319205	33760	830727	-11015.964993725878	157427.7969789327	90349.87231697248	2294893.3880824796	1192	59473	8801	202785	6298	178507	271223115	11777645	1.0676260957537211	1.05606098093209	1.07934188126545	0.0944064745063091	0.07869314373823	0.11015191050033767
K562_skew	[-0.5,-0.2)	Other cCREs	23523	442830	23495	442488	18082.76	94005.836	37523.208832	112388.583898	23350	440725	-11595.67899136944	-23682.348876323555	48667.13601664083	650290.0717959529	316	11045	1202	16359	1776	36003	271223115	11777645	0.8171479161185699	0.8064953683689401	0.8280003693058893	-0.29133084327840453	-0.31026184675176177	-0.2722966836897471
K562_skew	[-0.5,-0.2)	PLS	2454	88319	2451	88264	805.023	16759.472999999998	995.946787	10761.105803	2452	88267	194.2429989653173	99337.20097334738	11239.5989948388	696402.2894969714	267	21456	1058	32552	1130	46813	271223115	11777645	1.562402986625868	1.5009447334517434	1.6270221516749668	0.6437666121370161	0.5858708562104294	0.7022338932317489
K562_skew	[-0.5,-0.2)	dELS	61861	1293612	61837	1293155	44362.669	287729.913	87881.698719000007	352394.851603	61719	1291689	-27394.826983754974	131719.58592641467	161232.26234243397	3240283.8178737424	1669	75477	6803	114937	12489	276879	271223115	11777645	0.907618980521311	0.9003219203928406	0.914995253229557	-0.1398413152979547	-0.15148714909754038	-0.12816383581848723
K562_skew	[-0.5,-0.2)	non-cCRE	175655	3162420	175504	3160550	137570.847	700596.542	285165.064975	867732.876586	174058	3133574	-99416.16392392688	-340484.479861581	336880.7078435486	3633195.0217028502	1131	43558	7911	111066	1963	44510	271223115	11777645	0.7792139044518386	0.775478192979467	0.7830239257812496	-0.3599086734928562	-0.36684188270752693	-0.3528717042566155
K562_skew	[-0.5,-0.2)	pELS	9375	239085	9365	238888	5038.221	51745.025	8691.466705	50430.378393	9360	238831	-2481.4480009500403	83327.96701450761	26923.89577177493	869439.6096755048	435	24206	2723	64059	2494	74752	271223115	11777645	1.107403239090585	1.0847731338463995	1.1306141721132643	0.1471806467868792	0.11739335336331778	0.17710668622889383
K562_skew	[-1.0,-0.5)	Other cCREs	6613	123351	6610	123280	5507.102	28918.08	11566.173572	36201.84236	6568	122796	-3361.682995871178	-3422.1529802602035	13886.144721739862	215310.21641958028	99	3813	384	4773	752	16812	271223115	11777645	0.8097819768599607	0.7899825509579345	0.830213670211586	-0.30439456126310427	-0.34010730732479955	-0.26844540748439577
K562_skew	[-1.0,-0.5)	PLS	836	35431	834	35416	330.974	7060.077	489.032646	4710.646001	836	35413	384.7189990261104	67441.80698220234	5755.739417489029	430371.9996641573	158	12666	353	13504	428	21929	271223115	11777645	1.8383647634466693	1.7164836249817577	1.9711914050504662	0.8784230507424773	0.7794560942480983	0.9790678706025834
K562_skew	[-1.0,-0.5)	dELS	17631	369059	17619	368943	13681.294	87648.148	27473.663374	110178.884412	17599	368495	-8092.382997963346	69406.50697217496	48730.42722097093	1108152.1949423177	521	26800	2148	35402	4901	112393	271223115	11777645	0.9088036779681908	0.8951363763693385	0.9226856558914704	-0.1379594213830901	-0.15982059740060633	-0.11608886622352776
K562_skew	[-1.0,-0.5)	non-cCRE	37355	603387	37320	602964	34167.735	165622.9	71970.602903	226943.22536	37063	598719	-22679.58497084771	-88108.68071063155	74422.96206553973	762417.47878065845	217	8488	1922	25332	661	14106	271223115	11777645	0.7007480433854575	0.6934165690308065	0.7081487290352529	-0.5130322838879425	-0.5282057850657051	-0.4978757005290846
K562_skew	[-1.0,-0.5)	pELS	2619	71273	2617	71203	1511.177	16045.207	2623.091137	15648.926973	2609	71184	-438.23699673905503	45108.52000061923	7523.088043498576	365815.1424676758	151	10376	780	20173	879	29278	271223115	11777645	1.1813534023077905	1.136116344512261	1.228804495599878	0.24044061205777256	0.18411058225123964	0.2972553993030428
K562_skew	[-1.5,-1.0)	Other cCREs	1476	29239	1476	29230	1264.244	7042.766	2667.09775	9122.971244	1468	29083	-758.6740010313225	2569.556993904757	3234.5872810866294	66572.2452829463	19	1321	107	1199	240	5947	271223115	11777645	0.859649750489869	0.8158397739623695	0.9064088215544912	-0.21817911664927694	-0.29364225152316437	-0.14176619274152663
K562_skew	[-1.5,-1.0)	PLS	168	9660	168	9656	81.457	2024.224	136.480445	1455.918964	167	9652	102.4259997420012	25980.191982874418	1027.4294397776775	166299.013991087	34	4520	81	3780	92	6695	271223115	11777645	2.4824267749566253	2.1322470034128878	2.90772205585395	1.311751162682148	1.0923745722236857	1.5398893711125807
K562_skew	[-1.5,-1.0)	dELS	3888	87437	3888	87424	3083.087	20827.65	6371.249111	26578.222946	3881	87269	-1545.1210029176436	33800.1119761906	11205.62897614852	352437.441568025	134	8843	474	8815	1357	35930	271223115	11777645	0.9763109224599363	0.9454606850123664	1.00845575888524	-0.034587423680381466	-0.08091062689419386	0.0121477940779096
K562_skew	[-1.5,-1.0)	non-cCRE	6426	103200	6424	103146	6534.926	28949.811	14435.627782	41788.974163	6363	102240	-3769.63699572091	-9958.495944812894	11910.179620663375	130028.29319624628	37	1615	325	4793	118	3400	271223115	11777645	0.6971755244306714	0.6797834656814079	0.7150858335450554	-0.5204061728740075	-0.5568528231365422	-0.4838116723004115
K562_skew	[-1.5,-1.0)	pELS	564	16191	564	16185	317.45	3710.717	538.068114	3766.774883	563	16167	-140.15900103829338	15731.96001051728	1695.8838551899214	116668.72094430498	25	3160	158	4636	217	8118	271223115	11777645	1.2444858674440065	1.1442647829064032	1.3557764126446576	0.31554984696481736	0.19442093042491299	0.43911927658235694
K562_skew	[0.05,0.2)	Other cCREs	85130	2017485	85065	2016523	22326.883	270365.364	29018.293297	127386.670842	84667	2009106	-33409.53798681815	-82637.29181540644	162831.53624209054	3044757.878410577	1374	54474	3860	64549	3975	93993	271223115	11777645	1.0293111147062564	1.0222522244482126	1.0364201934790522	0.04167911032162935	0.031751202210733416	0.05160903019092375
K562_skew	[0.05,0.2)	PLS	5494	156985	5482	156882	1006.167	21753.677	761.779739	8873.215053	5484	156884	-1525.085003668094	56409.19002803439	23431.198323141252	812201.358921241	367	21035	2109	54076	1987	58319	271223115	11777645	1.2407229911400655	1.2078079153233838	1.274811996308879	0.3111810494588106	0.2723910327712834	0.3502845004238045
K562_skew	[0.05,0.2)	dELS	212448	5358150	212351	5357118	52969.994	721383.992	62999.666588	355106.686908	212118	5351352	-74858.22302759068	221106.60061376716	519414.4439341234	12234377.13983808	6016	267825	20660	408524	27231	659924	271223115	11777645	1.0971165346436305	1.092301119637375	1.101896617040298	0.13371677553432415	0.12737062541733934	0.13998887265690135
K562_skew	[0.05,0.2)	non-cCRE	943564	22409451	942853	22402595	239203.397	2912731.9339999952	309166.916419	1251574.738714001	933954	22181536	-406925.3567929877	-1934071.422641685	1600908.5265662223	24953043.860199112	8044	312724	32775	585342	5409	131663	271223115	11777645	1.0341366439590143	1.0319353124287949	1.0363736350924817	0.04842682640465673	0.0453525372697167	0.05154421954501916
K562_skew	[0.05,0.2)	pELS	30531	831021	30508	830608	6434.7029999999995	111358.149	6367.372179	49876.710021	30479	830310	-9420.192996382482	97196.7250253387	80460.64331226076	2168362.7290743673	1002	52387	7996	194468	5204	143690	271223115	11777645	1.1824838995435916	1.1690212374997138	1.1961187272407177	0.24182054026086505	0.2253011394138004	0.25836059915148724
K562_skew	[0.2,0.5)	Other cCREs	19063	424665	19048	424394	5377.494	56774.315	7756.235232	29165.025859	18918	422459	-8630.976998665372	-28331.62793958734	38190.340456684	620573.0764847684	295	10130	920	15244	1217	25361	271223115	11777645	0.9672474735832601	0.9533197805448047	0.9814539425888099	-0.04804303948318899	-0.06896786352145998	-0.027007528018936494
K562_skew	[0.2,0.5)	PLS	1881	55753	1876	55721	310.576	7529.235	201.6541	2933.389873	1877	55725	-338.91399842605466	33578.03797827801	7383.560394800717	338841.57579692133	140	9535	770	20137	740	23201	271223115	11777645	1.2864987731643072	1.2286864816902252	1.3476759094482014	0.36345008128421663	0.2971168367740925	0.4304735973747423
K562_skew	[0.2,0.5)	dELS	51028	1240695	51001	1240368	13144.783	164720.974	16857.619909	85512.320896	50940	1238904	-20915.3469871052	43038.312917963034	131902.37454516275	2882988.316980568	1380	62624	5570	105547	8550	196429	271223115	11777645	1.0560530089392879	1.0467196842718431	1.065478737557065	0.07868225308125142	0.06587513447752145	0.09150180332516697
K562_skew	[0.2,0.5)	non-cCRE	155011	3428063	154884	3426519	43229.703	446105.699	62882.024623	224706.435679	153546	3395761	-82113.98196669282	-340172.1221489516	296479.9955318521	3954509.925826916	1134	47494	6765	113730	1444	34028	271223115	11777645	0.9597965799519932	0.9548953144732152	0.9647387337166138	-0.059199422586631134	-0.0665855162612182	-0.051789803911531505
K562_skew	[0.2,0.5)	pELS	7808	214236	7801	214124	1646.235	28550.225	1664.266861	13191.113277	7788	214046	-2180.198002743768	43713.793037262854	21393.49113282318	642446.39015768	316	16849	2360	54951	1811	49171	271223115	11777645	1.1914799451991136	1.164833668422642	1.2188466432116436	0.2527546685191357	0.22012396099642317	0.2855166157068905
K562_skew	[0.5,1.0)	Other cCREs	4820	98227	4814	98156	1341.214	12987.745	1969.935652	6938.130423	4776	97644	-2582.6400003924505	-10146.128992033891	10676.051887689173	139650.93397937113	58	2014	244	3788	352	6491	271223115	11777645	0.8847281583513326	0.8594904378207027	0.9108691801801602	-0.17669385420427644	-0.21844650566150273	-0.13468422709240743
K562_skew	[0.5,1.0)	PLS	484	15383	483	15370	76.387	2055.607	56.545047	784.294415	484	15374	-68.53099929797466	12481.02500056406	1933.0735265875016	106690.64828223236	42	3033	219	5600	182	6603	271223115	11777645	1.377424753407645	1.2582787497148882	1.5108727117469565	0.461973508741438	0.3314515615520803	0.5953821212130003
K562_skew	[0.5,1.0)	dELS	13124	309039	13119	308949	3526.176	40388.029	4771.947596	21049.958611	13103	308537	-5913.208999042049	5532.901022586044	33514.99501628104	731644.9968042363	345	15574	1563	28170	2675	55926	271223115	11777645	1.0224877481403152	1.004787886569194	1.0405814334289676	0.032083556318019534	0.006890976734798685	0.05738987137504526
K562_skew	[0.5,1.0)	non-cCRE	31449	665155	31420	664756	8573.872	85369.194	12334.548374	42554.613744	31201	659733	-18716.731997250125	-79458.51880034432	64324.49617944374	788855.9345372187	244	8698	1599	25937	353	9012	271223115	11777645	0.9182182421293283	0.9078573683963628	0.9286654516806658	-0.12309100070673157	-0.13946243841825648	-0.10676913027885833
K562_skew	[0.5,1.0)	pELS	2044	57179	2041	57145	422.701	7487.234	429.696975	3276.467974	2037	57117	-666.2640012470075	15268.773990425518	6159.584326317473	195585.60802059257	85	5207	604	15520	522	14725	271223115	11777645	1.2142263449955149	1.1618021859667513	1.2695937301416083	0.28003738070787043	0.2163644494490279	0.3443669085882339
K562_skew	[1.0,1.5)	Other cCREs	982	17929	978	17924	289.757	2377.375	459.91438900000003	1357.702835	978	17823	-569.8369996827096	-2176.440993656404	2290.4873556901953	25490.629971108196	11	356	45	721	111	1264	271223115	11777645	0.7920484493426599	0.7427424866449424	0.8454252052065673	-0.33633941270300916	-0.4290659886131504	-0.24225096988031897
K562_skew	[1.0,1.5)	PLS	86	2915	86	2912	18.425	397.889	21.685423	164.22763700000002	86	2914	7.077000705525283	2570.253002987242	291.48137559349027	20394.92460742695	9	610	38	1022	35	1212	271223115	11777645	1.4554716488833357	1.17585444059644	1.822837617925392	0.5414867374931228	0.23370947953908658	0.8661860488987244
K562_skew	[1.0,1.5)	dELS	2762	60260	2758	60246	798.826	7920.596	1170.488386	4594.594654	2756	60172	-1237.98399733915	452.05999985220893	7017.040954477135	142838.63952531276	76	3066	322	5636	669	11369	271223115	11777645	0.9470451944475364	0.9116114995760666	0.9842377778808559	-0.07849481993335701	-0.13350897120920385	-0.02292120256543728
K562_skew	[1.0,1.5)	non-cCRE	5327	113097	5318	113032	1181.901	13810.859	1505.142447	6053.299487	5289	112237	-3762.5960026307735	-15570.051974988077	11968.80178173186	138005.27282309413	27	1446	280	4857	85	1740	271223115	11777645	0.9217527774767379	0.8967448513811097	0.9476249499988715	-0.11754823635277824	-0.1572305378473156	-0.07761191111949786
K562_skew	[1.0,1.5)	pELS	436	11545	435	11537	107.962	1444.525	141.48631600000002	534.905291	435	11533	-124.31299988436504	3022.1610008555012	1341.0619071124004	38781.98492516885	21	1072	132	3135	130	3114	271223115	11777645	1.1473205665277635	1.042709430034473	1.2651899250783387	0.198268543162283	0.06033718062636108	0.33935397258872324
K562_skew	[1.5,Inf)	Other cCREs	376	5989	376	5986	77.01	765.999	93.741144	395.595557	374	5962	-303.5339990586508	-1005.7359972933774	1195.6261311497017	8296.633470779194	4	95	29	217	51	345	271223115	11777645	0.6899534224909905	0.6216331231987681	0.7676420796173771	-0.535429123444951	-0.6858647163002946	-0.3814942973830245
K562_skew	[1.5,Inf)	PLS	22	849	22	848	2.257	101.248	0.291821	25.071928	22	849	-16.367999926209453	731.7210003091027	52.15765177960203	5865.861076584125	1	174	9	294	7	366	271223115	11777645	1.6048200378796673	1.062336150662354	2.5455823648696287	0.68241152475238	0.08724034444533209	1.3479957462014365
K562_skew	[1.5,Inf)	dELS	1013	20340	1012	20331	268.989	2629.155	387.001457	1493.927591	1012	20308	-513.8210002199048	-683.8099919233937	2850.836758507402	46549.04156226066	31	931	148	2024	285	3829	271223115	11777645	0.8710874868214283	0.8178191423199339	0.92872514488983	-0.19911047311836036	-0.29014626312257813	-0.1066763990062605
K562_skew	[1.5,Inf)	non-cCRE	2167	34807	2163	34788	332.14300000000003	4060.495	303.969753	1487.399735	2155	34591	-1899.517002612119	-6585.304993263913	5666.28890792916	46477.72499011623	11	445	130	1639	28	619	271223115	11777645	0.6971623134195415	0.6675078012400162	0.7283879023499165	-0.5204335112416906	-0.5831433970466977	-0.457221133809184
K562_skew	[1.5,Inf)	pELS	153	4113	153	4097	37.653	510.269	50.318267	217.440671	152	4109	-68.68899975530806	1040.1790054403243	497.06249970601704	12176.323343016087	9	352	54	1121	43	1199	271223115	11777645	1.160050321823016	0.9875023420929105	1.3715156113243818	0.21418738937858361	-0.018143925017276755	0.4557710438063769
SKNSH_skew	(-Inf,-1.5)	Other cCREs	458	7292	458	7289	544.863	2637.535	1230.400375	4432.285423	457	7240	-332.74999853176985	-1000.009002930136	1038.454138485598	11496.50148658054	1	154	27	267	73	1094	271223115	11777645	0.6899647303140193	0.6277351471536546	0.7598501371415286	-0.5354054789408561	-0.6717721066056713	-0.3962131864919074
SKNSH_skew	(-Inf,-1.5)	PLS	47	3422	47	3421	28.405	837.639	55.583819	728.489483	47	3418	35.36899949749938	11891.332995610896	336.8546830670493	83154.30187724126	11	1910	23	1374	24	2274	271223115	11777645	3.096714755858983	2.330281225472338	4.208069157186931	1.6307384998159162	1.220504074240674	2.073158414685056
SKNSH_skew	(-Inf,-1.5)	dELS	1292	22491	1292	22489	1415.367	7493.375	3105.873783	12361.888373	1290	22448	-620.7300012472555	5858.987996725484	3467.857328591006	80344.3156514433	41	1991	142	2188	436	9613	271223115	11777645	0.7553536615392362	0.7141389245731099	0.7995201301368731	-0.4047758129865439	-0.48572333954536084	-0.32279373687527085
SKNSH_skew	(-Inf,-1.5)	non-cCRE	2386	29860	2384	29850	3188.329	11295.034	7351.004195	19374.76967	2363	29513	-1800.7889990640113	-5478.874993009492	5489.017476375854	43899.37529446344	8	402	98	1182	37	895	271223115	11777645	0.5432072119642244	0.5209782680760314	0.566567268294119	-0.8804254610411834	-0.9407049012566006	-0.8196808380950683
SKNSH_skew	(-Inf,-1.5)	pELS	141	3521	141	3521	124.461	1063.126	243.312363	1470.570174	141	3518	-49.448000345379135	4244.284000241432	447.5154836033072	32772.26763118648	6	783	35	957	59	1792	271223115	11777645	1.0770438654574788	0.9105575100809874	1.2829429923701414	0.1070770086465027	-0.13517795534758517	0.35945706563247887
SKNSH_skew	[-0.05,0.05)	Other cCREs	389359	9403570	388922	9398663	129683.985	1278886.808	205148.814451	759501.374836	387440	9371358	-106496.95997155111	462825.8936035117	671319.121816834	13817486.27283452	8042	304319	15322	266319	13935	338519	271223115	11777645	1.0505049749009912	1.0471177194422021	1.0539620425651892	0.07108299423180045	0.06642364256346443	0.07582291062879255
SKNSH_skew	[-0.05,0.05)	PLS	13173	381946	13145	381540	3190.688	58346.592	3514.562658	31064.20778	13151	381675	-2844.1560087180715	129204.74191940976	53708.61251666444	1698649.221800506	858	44734	4658	120527	3955	123356	271223115	11777645	1.259344047711656	1.2376577757575313	1.281534868467602	0.332672475368321	0.3076124506821701	0.35787273253579877
SKNSH_skew	[-0.05,0.05)	dELS	849700	21861054	849301	21856229	273779.219	3043500.010999997	411267.308783	1953536.6558550023	848446	21835326	-183410.9879766788	3205162.35413906	1855132.828409003	46990322.78344342	27788	1179943	72156	1464342	80884	2022029	271223115	11777645	1.1275082280240192	1.1249283106507098	1.130054133489557	0.17313796162800518	0.1698330644074735	0.17639188436286618
SKNSH_skew	[-0.05,0.05)	non-cCRE	6124800	145622289	6118923	145572816	1992887.394	19242352.82299994	3151139.781984	10316111.188649036	6061424	144165947	-2078878.4784271023	-5007060.449127633	8890386.042590102	147758712.23646778	58516	2189547	167340	3017114	19739	478386	271223115	11777645	1.0700445860458403	1.068840718111447	1.0713472056640665	0.09767091132464431	0.09604687428173672	0.09942610913800595
SKNSH_skew	[-0.05,0.05)	pELS	113507	3084939	113399	3083119	31652.564	443324.66	41818.824694	269011.817088	113338	3082522	-26049.45498009583	436994.84792549943	263852.5162388525	6887495.621963127	3700	171509	26839	643539	13889	390172	271223115	11777645	1.182266431570801	1.1752678350614143	1.1893165013481406	0.24155519303781692	0.23298957405168405	0.2501326967174966
SKNSH_skew	[-0.2,-0.05)	Other cCREs	125079	2295155	124953	2293574	100759.608	493383.99	210858.07345	632041.154734	124116	2283482	-56835.58295786046	38381.12532463871	258357.69115420716	3491669.863640665	2033	71126	5672	74194	6155	119913	271223115	11777645	0.7950796240342832	0.7905687736806234	0.7996764500447759	-0.3308287471354524	-0.3390371229651052	-0.32251169280459585
SKNSH_skew	[-0.2,-0.05)	PLS	7377	218836	7374	218656	2943.416	44363.84	4279.580234	34345.559592	7362	218683	-1573.753991333884	121386.7899659138	31567.70161585264	1213572.075637813	545	34403	2771	76510	2721	93021	271223115	11777645	1.2882306806348585	1.2586684532035648	1.3186194806395148	0.3653909568136455	0.3318983117217872	0.39902830030101705
SKNSH_skew	[-0.2,-0.05)	dELS	318958	6389511	318830	6388161	246585.271	1486770.1	490810.523731	1941674.352418	318377	6379879	-133783.70597044664	834698.0965889073	851426.9150765114	15083102.31746796	9196	370418	31178	504126	44068	907034	271223115	11777645	0.8667522911284657	0.8636442436790168	0.8698544955601603	-0.20630834990827943	-0.21149094172923508	-0.20115399977635248
SKNSH_skew	[-0.2,-0.05)	non-cCRE	1406341	25317651	1404995	25304629	1127784.746	5069796.556999993	2413522.692518	6448375.5227869935	1387584	24997307	-694372.8984441165	-580257.1071136165	2582311.049893834	28673108.685370658	12698	456227	49317	677054	8856	184532	271223115	11777645	0.7592742348085151	0.7579081376448636	0.760621737378751	-0.397307042261743	-0.3999050979362389	-0.39474892536349915
SKNSH_skew	[-0.2,-0.05)	pELS	44078	1039396	44040	1038814	26351.41	240438.196	46651.30254	263762.540598	44000	1038436	-15131.492988422862	202748.25499761305	118507.44291776104	2864481.774286138	1524	74814	11289	251523	7808	212939	271223115	11777645	1.0240488244683335	1.0143316236357727	1.0339013387761453	0.03428450160659026	0.020529401411729598	0.048098521388288976
SKNSH_skew	[-0.5,-0.2)	Other cCREs	22764	408678	22739	408353	19334.508	96581.225	40520.638616	125806.254983	22585	406154	-11853.737995718491	-18220.26093681843	48273.51160273035	635936.6023741683	303	11043	1180	14969	1831	36478	271223115	11777645	0.7792230574255058	0.7688910518504655	0.7897465180317469	-0.35989172709073375	-0.3791489051401449	-0.34053842369951953
SKNSH_skew	[-0.5,-0.2)	PLS	2251	80324	2245	80290	771.105	15249.011	994.175559	10284.349773	2249	80275	227.95800080185305	92075.43298034497	10664.734521017648	659496.820576132	251	19871	982	29680	986	41807	271223115	11777645	1.5490393820207768	1.4854728145875324	1.6160289566136619	0.6313738229679169	0.5709222028719936	0.6924530490727854
SKNSH_skew	[-0.5,-0.2)	dELS	60931	1249211	60900	1248809	48481.612	305609.403	96969.348174	401000.047065	60768	1246786	-27365.48898117094	163793.71390097187	160550.6837737851	3324717.8011077065	1698	79347	6734	112785	12522	281528	271223115	11777645	0.8897645419353752	0.8825428413224488	0.8970652146989793	-0.16850448816201313	-0.18026178198426013	-0.15671522512427236
SKNSH_skew	[-0.5,-0.2)	non-cCRE	178692	2892329	178330	2888198	167483.469	762760.9990000001	354522.752109	1072243.659611	176282	2855318	-108952.60193714478	-348016.66904292605	362813.3917130889	3578290.5111469426	1218	43420	7840	102096	1975	42863	271223115	11777645	0.6996716368757934	0.6962881862685099	0.7030226470063418	-0.5152500856814782	-0.522243549088897	-0.5083569302019574
SKNSH_skew	[-0.5,-0.2)	pELS	8813	223396	8809	223264	5329.278	51678.957	9457.014768	54347.493801	8787	223174	-2404.661003718734	86359.8530292234	24962.793044589016	859856.0898966974	405	23852	2543	59208	2237	69603	271223115	11777645	1.1007003343680002	1.0775004752660597	1.124540648172622	0.1384217486786147	0.10768850566132127	0.16933581038845796
SKNSH_skew	[-1.0,-0.5)	Other cCREs	6160	101517	6156	101456	6094.556	26988.641	13159.341444	37905.863351	6113	100900	-3495.966997664074	-5535.023977410979	13476.503764188976	171363.33206367656	78	2783	346	3768	637	12974	271223115	11777645	0.7154258736643849	0.6972503864791426	0.7341912026473646	-0.4831257999644811	-0.5202512659616517	-0.44577226725603014
SKNSH_skew	[-1.0,-0.5)	PLS	638	28142	638	28134	279.322	5510.832	439.611604	4001.909674	638	28120	293.6160014676861	55791.74298196741	3972.5947563023087	367241.8588390396	113	10353	301	10805	312	16396	271223115	11777645	1.9126118492820332	1.7682320723043177	2.0719366284239062	0.9355441188830097	0.8223076342262337	1.050979877900572
SKNSH_skew	[-1.0,-0.5)	dELS	16065	317965	16060	317910	14361.852	86846.477	29341.039646	122599.232661	16039	317385	-7913.144000522441	63155.62394039088	43888.62722668635	1030682.0315430956	457	24511	1852	30080	4291	98372	271223115	11777645	0.8592545523050436	0.8457194153434247	0.8730531080829167	-0.2188425049141559	-0.24174899564990981	-0.19585867879045177
SKNSH_skew	[-1.0,-0.5)	non-cCRE	35702	504786	35653	504168	38547.745	156626.66	84640.609939	240560.470266	35286	498930	-23657.78897465791	-79550.71882876196	75762.51368230888	674040.801408891	204	7223	1750	21050	532	11278	271223115	11777645	0.6132387290897874	0.6066808338384632	0.6198711461117732	-0.7054792816131642	-0.72099036018205	-0.6899597442033125
SKNSH_skew	[-1.0,-0.5)	pELS	2140	56154	2140	56122	1523.109	14146.569	2798.518365	15946.709261	2138	56080	-702.1639983017233	35465.14799742891	7526.841216581691	308861.7676519326	108	8362	611	15618	664	21865	271223115	11777645	1.138977083493156	1.0908376818704253	1.189768567701677	0.18773871994911595	0.12543644264910905	0.250680969583174
SKNSH_skew	[-1.5,-1.0)	Other cCREs	1202	20841	1201	20836	1253.846	6096.026	2724.277796	9301.732338	1191	20678	-666.4330001970519	-1798.3849976856732	2414.519760847156	29664.51608229339	12	449	69	823	137	2923	271223115	11777645	0.7523072025934578	0.7097685624163179	0.7979853266883213	-0.41060619208534765	-0.49457941996794363	-0.3255658763954045
SKNSH_skew	[-1.5,-1.0)	PLS	142	7741	142	7739	70.592	1658.476	119.757798	1374.51664	141	7738	25.10200003907086	20808.607985842867	929.9950078287768	135354.4933892707	23	3622	58	3116	62	4961	271223115	11777645	2.3510187072524507	1.9926317094224961	2.7939003177151505	1.2332860186816883	0.9946750869513342	1.4822805484125614
SKNSH_skew	[-1.5,-1.0)	dELS	3329	64585	3327	64575	3203.744	18966.156	6784.730906	28737.003672	3321	64464	-1683.8560027487122	14657.264009871878	9496.131680413346	212363.43952076745	93	5300	385	6271	1104	24488	271223115	11777645	0.8421843603802761	0.8133139175447962	0.872277919497034	-0.24779201041730445	-0.2981157931742008	-0.1971402245654062
SKNSH_skew	[-1.5,-1.0)	non-cCRE	6771	91236	6769	91194	8101.402	32465.099	18341.272228	53816.933127	6703	90255	-4222.124994674115	-12852.732952299755	13474.262381243992	115246.56091520908	35	1219	320	4016	120	2290	271223115	11777645	0.5849030529965322	0.5706204052364614	0.5996254257912704	-0.7737305754079343	-0.8093967566479127	-0.7378665360090897
SKNSH_skew	[-1.5,-1.0)	pELS	447	10950	446	10942	299.81	3057.932	540.096118	3854.79708	446	10939	-141.27199832745836	9985.246998010203	1482.7992140791785	77567.5838839039	24	2111	140	3051	163	4983	271223115	11777645	1.0614724113665148	0.9656627259389318	1.1692472515221273	0.08606687477418618	-0.050408703527366275	0.225580037506003
SKNSH_skew	[0.05,0.2)	Other cCREs	110711	2647716	110619	2646171	24455.29	344274.191	26638.373292	128624.819043	110039	2636110	-44500.04698144356	-154433.19384140687	217771.4901039438	4162329.656135195	1803	72363	4720	81739	4973	115706	271223115	11777645	1.0388850111940522	1.0326537197618562	1.0452112164847904	0.05503597863026528	0.046356555718344274	0.06379451186027307
SKNSH_skew	[0.05,0.2)	PLS	6346	181717	6328	181573	1068.385	25237.68	671.808661	9533.001554	6337	181607	-1839.306007876527	64206.62898320554	27111.249408262247	935247.229072291	403	24281	2427	61945	2208	67720	271223115	11777645	1.243424061583464	1.2126724341371682	1.2751693787768228	0.3143184019478363	0.27818990374265573	0.3506888907637626
SKNSH_skew	[0.05,0.2)	dELS	274482	6964363	274379	6963184	58107.514	902963.961	57952.812854	353377.662305	274039	6955646	-103769.80499132632	4983.498495562324	695540.0044983387	16259098.725771064	7848	336949	26100	515956	32966	796291	271223115	11777645	1.104472046633237	1.1002530689179586	1.1087713512926027	0.14335690561583225	0.1378353958238428	0.1489618863593642
SKNSH_skew	[0.05,0.2)	non-cCRE	1310014	31853486	1308920	31842672	270743.345	4070790.364999989	271434.684991	1364595.3735670012	1294382	31493680	-572493.8127471107	-3466618.321160783	2270897.329674357	36539990.37117048	11269	428678	43014	782950	6639	164006	271223115	11777645	1.0633211294661724	1.0613913488270716	1.065303630770212	0.08857736537588372	0.08595669481265844	0.09126468319751567
SKNSH_skew	[0.05,0.2)	pELS	38317	1045045	38287	1044559	7268.102	135913.704	6221.265748	51137.467182	38272	1044243	-13226.051997588836	67441.53798682547	100235.70606109814	2713600.906740579	1217	62141	9817	237211	5984	169144	271223115	11777645	1.185022331083524	1.172991942698996	1.197209421946402	0.24491424616142524	0.2301931035044225	0.2596755378927391
SKNSH_skew	[0.2,0.5)	Other cCREs	18382	401459	18362	401186	5510.956	53918.098	8351.372174	28312.229256	18231	399116	-8794.477000075627	-30884.72193266544	37939.858984752704	602226.4092537303	289	9561	909	14543	1094	21549	271223115	11777645	0.9482262118335153	0.9343241944937669	0.9624327531724868	-0.07669682082795747	-0.09800486761332766	-0.05524235424840934
SKNSH_skew	[0.2,0.5)	PLS	1688	52523	1685	52499	304.71999999999997	7272.824	232.738286	2735.75804	1684	52500	-253.4629976648139	33572.64000776026	6809.733944254497	330207.4304144367	135	9259	699	19097	659	22148	271223115	11777645	1.3504652925394367	1.286561668547222	1.4183162071211652	0.43345656252391135	0.36352061119138346	0.5041792107079164
SKNSH_skew	[0.2,0.5)	dELS	48770	1170501	48743	1170224	12629.27	155582.653	16585.417668	81299.965893	48668	1168672	-20764.512006569646	24266.01398950955	122679.26411595734	2742347.154947153	1252	58549	5342	98575	7953	174919	271223115	11777645	1.042361994014394	1.0329331407228879	1.0518840637131606	0.059856387285613065	0.04674687504596162	0.07297570280199057
SKNSH_skew	[0.2,0.5)	non-cCRE	157321	3597790	157059	3595242	41857.706	460413.033	59578.27212	219156.590773	155466	3561479	-82553.98195024372	-376114.85312102945	300998.5445813332	4156656.765580343	1150	48340	6898	116906	1391	31448	271223115	11777645	0.9929727039039783	0.9879588381671653	0.9980344470053584	-0.010174035223969102	-0.017477159564413067	-0.002838484068152967
SKNSH_skew	[0.2,0.5)	pELS	7417	201343	7409	201243	1589.374	27315.676	1701.15594	12801.662444	7396	201141	-2225.724998494377	40232.72702902531	19646.2166696481	620892.5396831366	270	16057	2177	51300	1602	43542	271223115	11777645	1.178781299582525	1.1517647355952987	1.2065984905769258	0.23729607855932128	0.2038460557969262	0.27094568270451946
SKNSH_skew	[0.5,1.0)	Other cCREs	4482	90414	4477	90338	1469.385	12356.59	2445.911459	7100.328372	4438	89812	-2585.7440012807506	-9174.299976408598	10743.24248766367	131929.86225450237	56	1926	235	3380	339	5428	271223115	11777645	0.8757566265245855	0.8498704391730524	0.9026406640749893	-0.19139809548207484	-0.23468517247152385	-0.14777632128061657
SKNSH_skew	[0.5,1.0)	PLS	423	13838	420	13832	63.058	2009.492	42.74989	894.456214	423	13833	-30.401997790904716	11704.672996711452	1623.3593095003528	100598.2639999678	40	2823	183	5063	154	5834	271223115	11777645	1.417356827283342	1.2867049698789468	1.5648139171556197	0.503203010299496	0.36368129420631745	0.6459911065135395
SKNSH_skew	[0.5,1.0)	dELS	12034	278572	12031	278496	3657.136	38189.891	5507.08087	22344.871951	12009	278121	-5634.691994420487	1989.9330101291432	31432.310813847344	667439.1381354985	319	14140	1360	24763	2328	46795	271223115	11777645	1.0051411189292108	0.9869521905351246	1.0237388855460643	0.007398065868723555	-0.018947894854595755	0.03384778900463073
SKNSH_skew	[0.5,1.0)	non-cCRE	30869	682214	30813	681609	9232.464	88599.447	14506.407764	45669.343203	30507	675947	-17842.37998407974	-79871.27882030445	62118.83273841544	792151.9864546068	198	8642	1516	25345	309	7548	271223115	11777645	0.9595410837142699	0.9486627613015359	0.9705991488354205	-0.05958351670856094	-0.07603277799502953	-0.043052499952628484
SKNSH_skew	[0.5,1.0)	pELS	1774	49692	1773	49663	432.492	6836.586	508.565466	3396.78202	1769	49648	-585.2649989605417	14002.994003979848	5676.843326951852	177084.31193362453	79	4617	553	12977	437	11650	271223115	11777645	1.2157482306127645	1.1594948965597882	1.2754185067651882	0.2818444918948935	0.21349647007094694	0.35097072046784117
SKNSH_skew	[1.0,1.5)	Other cCREs	826	16189	823	16174	291.733	2219.4700000000003	495.661625	1386.072612	821	16087	-500.6810014744989	-2028.2399985402576	2031.101841236528	22753.114978107627	8	303	44	627	78	993	271223115	11777645	0.8500982631014369	0.7926615651695956	0.9127192865126721	-0.23429848246575594	-0.3352230706605596	-0.13175687786251206
SKNSH_skew	[1.0,1.5)	PLS	95	2867	95	2862	24.84	392.075	33.987982	132.064187	95	2867	-14.669998867437249	2821.2660002746843	403.8112328934559	24055.89989837985	7	643	48	1023	29	1163	271223115	11777645	1.2973050290428758	1.0584633004206119	1.606957814267526	0.37551773336631594	0.08197124835441498	0.6843320559912951
SKNSH_skew	[1.0,1.5)	dELS	2347	52446	2347	52437	810.917	7194.17	1331.018099	4423.895994	2344	52352	-1026.5619998937475	271.661009767909	5699.470324980376	126826.95696893233	57	2669	270	4682	521	9332	271223115	11777645	0.969946502480898	0.9306350132176316	1.0113385658691751	-0.04402291741638272	-0.1037126283539907	0.016266049201939452
SKNSH_skew	[1.0,1.5)	non-cCRE	5341	109054	5336	108997	1483.401	14415.52	2247.173469	7825.269216	5296	108154	-3640.388003663975	-15498.923970356347	12218.496850559835	132757.91027352845	36	1331	286	4395	65	1440	271223115	11777645	0.8864443815638956	0.8624333326061705	0.9112959422478955	-0.17389798035580878	-0.2135151562956607	-0.13400845131068448
SKNSH_skew	[1.0,1.5)	pELS	348	9869	348	9861	81.273	1363.071	98.424465	689.6720829999999	345	9862	-144.21799918822944	3117.3189960649484	1124.6920614407031	37667.11647819306	16	993	105	2666	95	2569	271223115	11777645	1.2280820758397983	1.1035977016261955	1.3703579939112769	0.2964069828987534	0.14221435722250547	0.45455283374944605
SKNSH_skew	[1.5,Inf)	Other cCREs	292	5521	292	5520	71.353	737.4830000000001	98.598217	385.541029	292	5494	-194.3379988172091	-846.1769994617209	708.2773235735788	7563.958073183694	4	90	19	198	32	338	271223115	11777645	0.8183880893897806	0.7275359075177159	0.9235839445806951	-0.2891429462647001	-0.45890964092920966	-0.11468500111177929
SKNSH_skew	[1.5,Inf)	PLS	27	907	27	906	5.926	132.771	6.927434	48.558049	27	907	-7.616999831050648	884.8710022979654	97.83064334757556	7393.959913505987	3	209	11	335	11	374	271223115	11777645	1.4081924330704363	0.9677076479620148	2.1312564643337724	0.4938444953861944	-0.04735683100290164	1.0917042099951715
SKNSH_skew	[1.5,Inf)	dELS	801	17803	801	17799	239.71	2342.956	351.121118	1255.160946	800	17780	-472.5460008449153	-554.8869976454877	2201.0753210812863	41669.6691458296	20	850	90	1644	181	3106	271223115	11777645	0.9639807840913935	0.8980851137029877	1.0359759977455074	-0.052923706702210256	-0.15507591573572008	0.05099057799100523
SKNSH_skew	[1.5,Inf)	non-cCRE	1679	35780	1679	35767	372.605	4305.564	497.256107	1591.259882	1666	35436	-1290.529002715834	-5550.511985272636	4221.067501183499	42410.14646763009	6	398	82	1318	30	456	271223115	11777645	0.9248661323625588	0.8806566726250495	0.9718220877816319	-0.11268353374824067	-0.18334840631971433	-0.041235872176047274
SKNSH_skew	[1.5,Inf)	pELS	116	3218	116	3216	25.066	429.908	27.675588	179.111838	116	3215	-39.79900064482355	690.4570022447733	347.4278794655427	10662.982185142204	5	287	38	875	35	877	271223115	11777645	1.1947264986936748	0.9933105944423128	1.44933907279986	0.25668038880090105	-0.009683195866736839	0.5353951528111545
mean_skew	(-Inf,-1.5)	Other cCREs	353	5555	353	5554	445.274	2214.526	1023.702532	3755.650172	352	5515	-234.2969988146797	-881.6870024808447	695.489118961075	8402.7082192216	2	92	24	228	48	882	271223115	11777645	0.681543696018691	0.6119950174312145	0.760957794961545	-0.5531219389448062	-0.7084081876500554	-0.39411165520347335
mean_skew	(-Inf,-1.5)	PLS	29	2243	29	2243	15.942	559.442	22.165076	514.489644	29	2240	9.544999695848666	8037.928998733987	133.8870632247309	56251.958801931025	4	1261	13	872	15	1588	271223115	11777645	3.2481487925977093	2.2688350072541255	4.825334304085645	1.6996177216321067	1.1819516980930485	2.2706288972281885
mean_skew	(-Inf,-1.5)	dELS	919	16186	919	16185	1051.126	5894.013	2331.740744	10010.919199	917	16149	-477.1810007130263	4076.143002013211	2552.618540133949	57855.92090339721	29	1408	99	1639	331	7587	271223115	11777645	0.7640169823372399	0.7148590792909516	0.8173864258812905	-0.3883233884831136	-0.48426922452875476	-0.29090980978222003
mean_skew	(-Inf,-1.5)	non-cCRE	2191	26299	2190	26288	3109.447	11760.333	7180.890799	21276.997981	2170	26003	-1612.8919985534171	-5409.295984567028	4822.079865427334	33915.84257844594	3	250	107	1215	35	742	271223115	11777645	0.5209565016193112	0.4987237583225763	0.5444121193035696	-0.9407651782721795	-1.003687162793252	-0.8772289114684079
mean_skew	(-Inf,-1.5)	pELS	99	2731	99	2731	101.257	886.278	210.521523	1271.870876	99	2729	-39.74200042709708	3346.723999000157	294.35186485656345	26225.340716436855	3	630	24	780	39	1559	271223115	11777645	1.1863528474571845	0.9715959774698123	1.4632879121291427	0.24653316297635786	-0.041571577841092375	0.5492136577435416
mean_skew	[-0.05,0.05)	Other cCREs	428221	10199653	427751	10194190	153671.532	1428450.866	251217.449838	913134.3241180002	425970	10163027	-122249.10096022068	488072.35262938065	755610.0190210906	15178620.19173444	8851	333422	16734	287098	15113	363343	271223115	11777645	1.0356450883667385	1.032393704975724	1.0388907207914884	0.05052968161666896	0.04599324973321335	0.055043907501297756
mean_skew	[-0.05,0.05)	PLS	14398	410874	14373	410459	3695.203	64281.244	4282.883263	36164.319818	14374	410601	-3368.7640061657853	126643.11489157286	59711.29288405781	1821204.2884519496	916	46898	5032	129768	4237	130923	271223115	11777645	1.2394738851048122	1.2190108387793746	1.2603145625401129	0.30972787511428385	0.28571095367242744	0.33378386164396184
mean_skew	[-0.05,0.05)	dELS	938981	23788997	938586	23784062	330472.096	3446476.451999995	515974.981236	2401815.342230002	937525	23760337	-218549.5009614687	3335872.399961265	2098424.092600526	51672228.37692633	30578	1287782	79547	1587506	88180	2178885	271223115	11777645	1.109790905098645	1.1074278872025067	1.1121887859422661	0.15028788504991877	0.14721275732426153	0.15340169581841687
mean_skew	[-0.05,0.05)	non-cCRE	6756585	158920606	6750031	158864337	2358808.747	21492458.530999996	3866124.131883	12361508.164721144	6681957	157262336	-2354442.452265195	-5664589.250048489	9994150.251554454	163127293.59466228	64855	2418887	184983	3286622	21676	522025	271223115	11777645	1.0515944262222843	1.0503547890833662	1.0528990056332648	0.0725784003561772	0.07087672407671164	0.07436705928878572
mean_skew	[-0.05,0.05)	pELS	124469	3347989	124362	3346094	37615.538	499844.03	51894.260666	326058.865952	124304	3345446	-30890.98495918396	441544.9258854584	290726.89168623614	7528685.858261446	3993	185040	29319	695977	14918	415839	271223115	11777645	1.1701254419309939	1.1635109555653143	1.176768577210529	0.22666320053589384	0.2184847951569587	0.2348306285002509
mean_skew	[-0.2,-0.05)	Other cCREs	107794	2035676	107677	2034298	81534.988	415403.054	169868.66656800002	503030.749632	107021	2025641	-49480.51297033185	-12008.142694102691	217919.721809083	3021232.563313817	1627	58311	5007	67420	5662	110358	271223115	11777645	0.8186936448086409	0.813660900473359	0.8237319568236549	-0.288604398575337	-0.29750042955288786	-0.2797531354782052
mean_skew	[-0.2,-0.05)	PLS	6917	213568	6907	213392	2529.386	41876.333	3484.332968	30385.454925	6904	213415	-1221.4529924193637	126865.7909916769	28056.68232209679	1206382.0645009954	519	34653	2675	75327	2630	92998	271223115	11777645	1.3408433429838775	1.3091008740142591	1.373530818074129	0.42314069026060386	0.38857626980644544	0.45788928069693086
mean_skew	[-0.2,-0.05)	dELS	278394	5761379	278255	5759965	200195.509	1258390.195	396465.810935	1560286.611137	277893	5752658	-115124.62499263734	699841.893647804	731500.1694475929	13586777.71186468	8024	329040	27702	463008	40768	856505	271223115	11777645	0.8964642660624714	0.8930406077775873	0.8999084554645922	-0.15768201787506203	-0.16320231673306493	-0.152149846294581
mean_skew	[-0.2,-0.05)	non-cCRE	1119489	20536190	1118287	20524380	844285.768	3996342.163999994	1791535.19825	4864444.433794003	1106032	20295664	-563317.6295593904	-947674.6430034908	2061066.389948441	23133162.049249187	9538	341725	41204	579865	7992	168473	271223115	11777645	0.7799207205056109	0.7783430539658227	0.78151190993448	-0.3586006144335147	-0.3615219330294118	-0.3556602353892499
mean_skew	[-0.2,-0.05)	pELS	39070	944733	39029	944198	21627.108	207303.569	37748.288628	215843.005703	38998	943845	-12949.404999810858	193854.82797306209	105167.41037425004	2661781.9883588688	1360	69810	10058	231039	7181	202571	271223115	11777645	1.050169020611798	1.0395905648468369	1.0608846433343864	0.0706215427241873	0.05601544531901067	0.08526779146730779
mean_skew	[-0.5,-0.2)	Other cCREs	20905	370795	20886	370521	18042.04	87358.183	38318.44221	114349.835015	20735	368770	-10995.35799643886	-21636.113916496983	44402.69852553967	575074.5179577521	258	9678	1095	13942	1744	35566	271223115	11777645	0.7698730863845884	0.7592151040247205	0.780710194171006	-0.37730745782602343	-0.39741940088870975	-0.3571409870117818
mean_skew	[-0.5,-0.2)	PLS	2236	80382	2233	80336	785.682	15381.302	1047.743572	10253.372736	2233	80333	234.3319994235644	99534.7879764672	11704.513565526526	683670.3927708939	261	20925	971	29724	1003	43161	271223115	11777645	1.5605548505433458	1.4962919077833696	1.6282885574598471	0.642059066142851	0.5813916543898683	0.7033563897311722
mean_skew	[-0.5,-0.2)	dELS	56575	1138936	56551	1138587	45088.092	276363.733	90977.320402	363083.588017	56450	1137073	-26604.031973134388	139793.07191256774	150426.44345485122	3047025.4072405617	1554	71961	6372	105095	12254	273694	271223115	11777645	0.873647031124731	0.8663031167533137	0.881082965346576	-0.19487757179803333	-0.20705618711543305	-0.18265022096467
mean_skew	[-0.5,-0.2)	non-cCRE	147341	2367818	147195	2366028	137517.216	619926.064	293676.633498	869162.489114	145937	2345550	-91724.2239142574	-304229.7751032854	303510.6404650874	2965660.578231813	936	35345	6781	88222	1876	40985	271223115	11777645	0.6951849885172563	0.6914829191268382	0.6988577049468305	-0.5245311652458867	-0.5322344802366239	-0.516929357835446
mean_skew	[-0.5,-0.2)	pELS	8357	210782	8352	210623	5071.6449999999995	48439.39	9081.071877	50274.093202	8334	210540	-2157.6990022753585	84806.91601660755	24092.89250252668	831435.1443933662	418	23337	2446	57277	2300	70313	271223115	11777645	1.0952029664626681	1.0714997918608669	1.1195558135489956	0.13119825939214658	0.09963156977057404	0.1629264530883891
mean_skew	[-1.0,-0.5)	Other cCREs	5304	90257	5300	90220	5164.9800000000005	23415.774	11176.914886	32065.367558	5263	89779	-2912.1569992599525	-1055.430996089941	11846.656141332656	175877.56875594624	75	3119	316	3542	695	14901	271223115	11777645	0.7387229533914137	0.7185244505313303	0.7596295548865002	-0.4368946895259701	-0.47689084417536554	-0.39663205741113416
mean_skew	[-1.0,-0.5)	PLS	610	28328	609	28320	259.16	5713.887	397.14648999999997	4091.886287	610	28313	394.8199995053	60556.276976860034	3853.0475814273705	386748.92650123575	121	11119	273	10927	321	17752	271223115	11777645	2.0134873952500256	1.8583260690732508	2.1850008157734893	1.0096964408124978	0.8940036647786129	1.1276338183584356
mean_skew	[-1.0,-0.5)	dELS	13964	280013	13959	279970	12448.218	74961.476	25673.13157	103627.597956	13939	279568	-6818.431004464046	68242.06093044484	40827.488843483865	978082.544609855	431	23512	1704	27672	4298	99758	271223115	11777645	0.8705714100185851	0.8558916859907213	0.8855450808272693	-0.19996545277863864	-0.22449986131154956	-0.17536234213890614
mean_skew	[-1.0,-0.5)	non-cCRE	26728	383870	26713	383680	28427.747	114348.225	63284.011093	172003.348867	26495	380585	-17244.740979244823	-55174.05086683085	56265.31627747584	523529.2047661839	169	5934	1340	17025	490	10793	271223115	11777645	0.6231140324154877	0.6154374009859158	0.6309297291234234	-0.6824318883860162	-0.7003159739697006	-0.6644487633571939
mean_skew	[-1.0,-0.5)	pELS	1977	52577	1976	52550	1277.84	12823.514	2289.18997	13832.447568	1974	52508	-429.05499725206744	39867.394012418	6140.456842722478	317458.1641759424	110	8821	612	15018	703	23397	271223115	11777645	1.154307073776874	1.1035986058213536	1.2079015547228518	0.20702706703679952	0.1422155392450253	0.272502878255177
mean_skew	[-1.5,-1.0)	Other cCREs	1031	18583	1031	18577	997.566	5262.83	2138.262552	7813.12649	1021	18432	-589.2400005188538	-107.937989045633	2373.7045419915967	31906.779761769973	12	559	76	773	156	3419	271223115	11777645	0.7819585120731679	0.7343916727306996	0.8333446696930423	-0.35483602957225446	-0.44537839476613617	-0.26301478007536366
mean_skew	[-1.5,-1.0)	PLS	122	6821	122	6819	78.955	1460.81	157.150267	1151.693084	121	6815	51.381000341847574	20653.23398633349	998.9672198473362	134750.4517745264	26	3480	58	2734	57	4719	271223115	11777645	2.4084898654611564	2.015182173748279	2.902510381753065	1.2681288533084514	1.01091026519655	1.5373012273584994
mean_skew	[-1.5,-1.0)	dELS	2729	55680	2729	55670	2588.224	15601.847	5528.700372	22975.163707	2725	55553	-1238.6130028106274	18703.95800256915	7914.192254135177	217374.06330654785	89	5289	321	5634	1012	24346	271223115	11777645	0.8856559323532922	0.8522521689842624	0.9207086888431634	-0.1751817585169605	-0.23064772885437052	-0.11918333340384832
mean_skew	[-1.5,-1.0)	non-cCRE	5463	78209	5461	78176	6691.209	25662.358	15330.480945	41840.832004	5405	77306	-3366.11399800761	-9307.807951393772	10576.845356747064	93621.1551064357	25	987	280	3644	96	2135	271223115	11777645	0.6214580059123412	0.6046027979434031	0.6388632621078832	-0.6862711882579117	-0.7259404394914871	-0.6464209151839876
mean_skew	[-1.5,-1.0)	pELS	379	10128	379	10122	262.248	2636.301	490.152114	3106.148641	378	10115	-87.12499873258648	10599.947000801094	1679.1168056054444	78904.7054690506	25	2072	113	2939	167	5201	271223115	11777645	1.1574907310935516	1.044711902269144	1.285681878183015	0.21100064077803168	0.06310514855307729	0.3625337145605629
mean_skew	[0.05,0.2)	Other cCREs	94996	2237730	94922	2236402	23108.132	296227.934	27822.957666	127443.96005	94429	2227731	-38818.71397919687	-131442.83083944395	185124.10950520687	3447803.1414905763	1501	59372	4205	71379	4404	101551	271223115	11777645	1.0230825821787743	1.0164117073773438	1.02977136505688	0.03292260265038573	0.02348489805404501	0.042324058657595844
mean_skew	[0.05,0.2)	PLS	5858	167572	5841	167447	1029.981	23122.276	706.262349	9120.133602	5849	167461	-1691.526003718494	59600.68599740172	24688.76991321939	863091.8120798592	396	22401	2273	57533	2077	61697	271223115	11777645	1.2421261176732301	1.2101292057420863	1.2751619087789454	0.312811663175487	0.2751610925674613	0.3506804393684903
mean_skew	[0.05,0.2)	dELS	240218	6015778	240104	6014688	55594.943	798209.247	61268.017929	360360.197775	239824	6007997	-91422.49300916935	52552.06861979168	601642.9489989917	13883375.567851758	6616	290724	23398	458403	29994	716954	271223115	11777645	1.0894530181655904	1.0849617507885625	1.093943362735399	0.12360398266677616	0.11764418283534098	0.1295380467082148
mean_skew	[0.05,0.2)	non-cCRE	1044025	24914884	1043050	24905531	238935.216	3202999.718999992	276380.00769	1236353.968051001	1032322	24647585	-469229.35578818	-2583077.8220000765	1833057.4160756203	28513963.84296717	8682	336562	36476	653614	5916	143207	271223115	11777645	1.0399583732577478	1.0378138207529335	1.0420728978715752	0.056525782312027324	0.05354765374604568	0.059456204410261455
mean_skew	[0.05,0.2)	pELS	33986	921517	33959	921081	6799.976	121571.258	6280.618864	50851.36303	33920	920769	-11373.232007624703	77465.28204393876	90492.18215026028	2391846.7157661836	1085	56275	8908	213856	5591	154592	271223115	11777645	1.1780034635803163	1.1652686404505603	1.1908821602177109	0.2363437810043669	0.22066259141836042	0.2520306631764328
mean_skew	[0.2,0.5)	Other cCREs	16556	352505	16532	352264	5062.254	47776.529	7788.418492	26108.550889	16414	350518	-8110.5600010020435	-31634.56794050674	34892.944834511996	518582.29819364345	256	7918	834	13056	1043	20332	271223115	11777645	0.9244405868641487	0.9101409203957237	0.938984598616945	-0.11334749325769589	-0.1358381546133651	-0.09082660014055872
mean_skew	[0.2,0.5)	PLS	1610	48107	1606	48081	277.468	6577.568	220.752354	2596.968946	1607	48080	-304.9529990844895	30323.251001483753	6520.60125259968	300048.26227043837	112	8457	672	17390	622	20107	271223115	11777645	1.2967986055713951	1.2339438045506654	1.3636208359405686	0.3749544446600148	0.30327669372385313	0.44744254894256036
mean_skew	[0.2,0.5)	dELS	44386	1052828	44372	1052550	11965.03	141339.214	15991.386608	77361.565104	44306	1051250	-19973.10797892674	9037.982971042744	115340.48337641722	2459262.563357267	1133	51793	4993	90754	7636	165702	271223115	11777645	1.0301090092225347	1.0203703713469185	1.0399652035044242	0.042797015799981394	0.02909291290106185	0.05653525762459969
mean_skew	[0.2,0.5)	non-cCRE	129310	2891549	129176	2890006	35777.737	371291.488	52037.356667	183873.647154	128091	2864835	-70617.26796295238	-321195.4743445406	255622.83078259852	3378763.2180889603	940	38367	5804	98614	1251	28606	271223115	11777645	0.9706970768745786	0.9653122501594571	0.976166308444425	-0.0429069474143748	-0.05093240754301723	-0.03480113569719833
mean_skew	[0.2,0.5)	pELS	6851	184344	6843	184248	1470.749	24930.797	1546.056569	11947.428975	6838	184161	-2015.330999001977	36418.69103063503	19472.64726814456	572315.6110044982	277	14697	2072	47691	1568	42063	271223115	11777645	1.1683930575752985	1.1405314255041181	1.1971025765017254	0.22452569101728093	0.18970619833294658	0.25954677823787475
mean_skew	[0.5,1.0)	Other cCREs	3697	72160	3694	72103	1215.852	9963.887	1975.294454	6019.556249	3662	71683	-2230.7759991339412	-9362.583989439068	8729.792696270375	105752.55730251604	36	1406	202	2786	323	4623	271223115	11777645	0.8473194760198663	0.8197584291465435	0.8760342144226841	-0.23902206444700327	-0.28672926371532564	-0.1909408780129699
mean_skew	[0.5,1.0)	PLS	350	11902	349	11891	59.331	1705.617	47.036339	757.493377	350	11899	-60.553998860297845	9976.90699544642	1291.4912296725188	84533.966477215	29	2398	158	4325	133	5087	271223115	11777645	1.472616114384505	1.3242071739723553	1.642178309798606	0.5583813936769405	0.40512885136002413	0.7156107852738184
mean_skew	[0.5,1.0)	dELS	10151	227454	10145	227396	3121.521	31393.435	4628.197307	19021.411225	10133	227114	-4958.60400226503	-6751.922968783175	26431.4379255825	537888.6032604321	257	10876	1180	20908	2199	40842	271223115	11777645	0.97288670521137	0.9537287619796252	0.9925529921677221	-0.039656285098232526	-0.0683490691030486	-0.010783965431084194
mean_skew	[0.5,1.0)	non-cCRE	23406	515326	23386	515026	7088.964	66732.553	11009.040476	34026.775317	23212	511248	-13927.263991204083	-68162.5248424091	48279.330215073445	611071.1456888177	167	6245	1187	20291	289	6693	271223115	11777645	0.9559230294957843	0.9435090735566332	0.968621507260313	-0.0650336371784647	-0.08389170285685757	-0.045995058008823524
mean_skew	[0.5,1.0)	pELS	1540	42483	1539	42456	361.555	5791.636	416.042051	2833.96903	1535	42434	-641.9269997869851	11237.71399824496	4529.901921872066	149460.6548043248	62	3973	469	11492	399	10788	271223115	11777645	1.1971994996932194	1.137858145739946	1.2604290347178617	0.25966358105000287	0.186320711252788	0.33391489317247686
mean_skew	[1.0,1.5)	Other cCREs	646	11890	644	11884	191.89	1564.143	306.193662	919.015995	644	11804	-465.9340009983862	-1924.868999991916	1808.1970049781828	16253.449367887688	8	188	36	469	77	770	271223115	11777645	0.798071483840028	0.7372932041289486	0.8651106288872887	-0.325410119413817	-0.4396896356453592	-0.209043460933715
mean_skew	[1.0,1.5)	PLS	61	2006	61	2005	17.424	269.925	25.722794	86.175527	61	2006	-23.902999091893435	1783.3320013671184	223.29462289352983	15563.837594608847	3	433	30	715	21	825	271223115	11777645	1.405692620076801	1.0917604236356202	1.840369599922183	0.491281157730444	0.1266563053848302	0.8799955306454381
mean_skew	[1.0,1.5)	dELS	1828	39852	1827	39844	617.479	5406.381	1008.911301	3437.596195	1825	39780	-903.7929998016916	-1957.6080011943145	4684.504817576171	93961.35357236666	47	1824	220	3656	446	7314	271223115	11777645	0.9461587288347247	0.9028214496401754	0.992147573235434	-0.07984586259839518	-0.14748739974939346	-0.011373370101416438
mean_skew	[1.0,1.5)	non-cCRE	4049	79793	4043	79770	859.39	9719.025	1101.374926	4155.442885	4018	79122	-2983.684006025665	-13257.043979481676	9610.554796238108	97901.89715277412	19	897	228	3402	55	1158	271223115	11777645	0.8555117281120161	0.8288776218649083	0.8831634569804588	-0.22514046229650023	-0.2707689815396667	-0.17924761652555307
mean_skew	[1.0,1.5)	pELS	288	7911	288	7898	71.59	1033.057	90.03681	455.183707	286	7906	-65.1219991573598	1637.9720032333869	860.4335176488872	25825.150046981333	16	679	100	2216	85	2169	271223115	11777645	1.188838763497579	1.057036695975588	1.3415578657855707	0.2495530625385935	0.0800254620404084	0.4239092841037738
mean_skew	[1.5,Inf)	Other cCREs	212	3548	212	3547	35.574999999999996	442.331	35.160039	157.519809	212	3531	-170.06799869844696	-731.4809969606578	670.4397794977377	4914.313079063647	3	52	14	134	19	170	271223115	11777645	0.7235378996733092	0.6299362632464275	0.8347519839571647	-0.46685950627317846	-0.6667222303224545	-0.2605804777379215
mean_skew	[1.5,Inf)	PLS	16	460	16	459	1.925	62.828	0.288453	20.88304	16	460	-0.24799990281463452	373.41800199635327	43.92998442528132	2725.5941949299736	2	83	6	160	5	197	271223115	11777645	1.1775641131157906	0.7274165241763905	2.0391181453286964	0.2358056102891606	-0.45914639609883534	1.0279453666943323
mean_skew	[1.5,Inf)	dELS	564	11399	564	11396	129.374	1423.16	158.077228	630.744588	564	11380	-375.6490004790248	-1127.787994269747	1770.7883099048945	25082.220809669292	11	458	73	1137	136	1920	271223115	11777645	0.8761652926280236	0.8051069597540518	0.9550685190509797	-0.19072502830361476	-0.31274763457177845	-0.06632385540492439
mean_skew	[1.5,Inf)	non-cCRE	1329	21931	1329	21920	181.165	2580.641	122.781197	674.280863	1320	21732	-1240.1490015641325	-4792.752991423475	3728.893745636863	28382.822058672104	4	228	71	912	17	325	271223115	11777645	0.7160611517059282	0.6774613468125424	0.7573758139199659	-0.4818452958117429	-0.561789460380535	-0.4009187440305667
mean_skew	[1.5,Inf)	pELS	82	2328	82	2323	17.433	308.555	19.916983	124.246885	82	2325	-49.929000835865736	502.27600275713496	354.50917994797396	7003.629336563182	5	192	26	640	22	644	271223115	11777645	1.2184977750781305	0.9787492998076728	1.5356492529463421	0.285103616767714	-0.03098872458009219	0.6188487376613435
