skew_type	skew_bin	ccre_class	n	n_MR	sum_MR	sum_MR_sq	n_phyloP	sum_phyloP	sum_phyloP_sq	n_conserved	n_tf_chip_peak	n_tf_footprint	mutrate_mean	mutrate_var	mutrate_se	mutrate_lci	mutrate_uci
HepG2_skew	(-Inf,-1.5)	Other cCREs	11556	11556	11235.878	25067.856648	11497	-5007.820999178688	24799.8383544222	188	422	1762	0.9722982000692282	1.223992444171576	0.010291664067129534	0.9521265384976543	0.9924698616408021
HepG2_skew	(-Inf,-1.5)	PLS	2402	2402	989.763	1481.731455	2398	6917.068006702349	50427.097292126266	1125	853	1548	0.4120578684429642	0.44726856432998185	0.013645758664491732	0.3853121814605604	0.43880355542536803
HepG2_skew	(-Inf,-1.5)	dELS	35837	35835	30718.886	67024.773852	35806	-823.5440064760638	129973.26827850594	2608	3527	15166	0.8572313659829774	1.1355578848229233	0.005629255154909659	0.8461980258793546	0.8682647060866003
HepG2_skew	(-Inf,-1.5)	non-cCRE	60719	60695	69196.262	159064.95171	60400	-32316.409951079768	122939.81600262182	474	2536	1323	1.1400652772057007	1.32099871637018	0.0046652480489893814	1.1309213910296816	1.1492091633817199
HepG2_skew	(-Inf,-1.5)	pELS	5022	5022	3426.006	6783.001956	5021	3449.074000386057	36340.50353366959	840	1252	2475	0.6821995221027479	0.8854376220033567	0.013278243584482114	0.6561741646771629	0.7082248795283329
HepG2_skew	[-0.05,0.05)	Other cCREs	18989768	18975496	4709918.818999999	6387558.992514992	18904389	-436591.5625377595	29816900.65477528	576918	555010	688579	0.2482105774204795	0.27501297451515333	1.2038711952911395e-4	0.24797461866620243	0.24844653617475657
HepG2_skew	[-0.05,0.05)	PLS	805114	800453	168850.818	152984.763948	804429	179293.0919034885	3734150.218962664	88935	260039	268115	0.21094407541729496	0.1466255119126894	4.279931836545837e-4	0.21010520877733196	0.21178294205725795
HepG2_skew	[-0.05,0.05)	dELS	43808023	43795997	11246129.465999989	15172829.502446046	43748398	2339213.644780633	99116286.42195264	2206260	2970093	4147457	0.25678441493180276	0.28050506551493726	8.003006055828098e-5	0.25662755601310855	0.256941273850497
HepG2_skew	[-0.05,0.05)	non-cCRE	298342156	298179695	69826707.45299962	91479894.6860742	294785594	-29423331.298912425	335256834.6967356	4180676	6322109	1003583	0.2341766009687535	0.25195583465147436	2.906853715512046e-5	0.23411962663592947	0.23423357530157754
HepG2_skew	[-0.05,0.05)	pELS	6148105	6141876	1428679.647	1655394.428487	6142289	334910.1730318239	14469817.528018491	319200	1286956	787169	0.2326129096386837	0.21541713220421493	1.8727922259488807e-4	0.2322458423623977	0.2329799769149697
HepG2_skew	[-0.2,-0.05)	Other cCREs	4402635	4399000	1996792.003	3768242.369457	4376834	-578883.2551653585	7382679.022120494	111648	156640	236415	0.453919527847238	0.6505706153254637	3.8456542944158094e-4	0.4531657796055325	0.4546732760889435
HepG2_skew	[-0.2,-0.05)	PLS	431469	430319	114046.782	123101.236	431114	229942.11900707765	2449135.710751441	68057	151323	186022	0.26502846028179095	0.21583013716936528	7.082079250900942e-4	0.26364037274861435	0.26641654781496754
HepG2_skew	[-0.2,-0.05)	dELS	12593340	12589841	5718563.852	10355834.665274002	12573897	-316939.3876030037	31663236.77491384	636687	1041919	1881577	0.4542204982572854	0.6162386291726075	2.2124034993150805e-4	0.45378686717141964	0.45465412934315114
HepG2_skew	[-0.2,-0.05)	non-cCRE	44212274	44186224	20108115.43099999	38852006.15403698	43677507	-7731343.610536332	59986480.17665458	651121	1322863	368472	0.45507657388873035	0.6721840397251966	1.2333906540869623e-4	0.4548348293205293	0.4553183184569314
HepG2_skew	[-0.2,-0.05)	pELS	1989244	1987274	736103.468	1126155.892348	1986853	188073.7760062287	5754682.1046505375	134547	479353	416952	0.3704086442030641	0.4294814073219666	4.648826183101944e-4	0.3694974742711761	0.3713198141349521
HepG2_skew	[-0.5,-0.2)	Other cCREs	816552	816006	440674.888	878018.81569	811342	-157750.53380496005	1466481.7590692933	19356	32296	76067	0.5400387840285488	0.7843546118253725	9.804141060322073e-4	0.5381171723807257	0.5419603956763719
HepG2_skew	[-0.5,-0.2)	PLS	145494	145336	38138.505	40995.736153	145382	175031.83092714587	1264248.6377723897	37558	53674	77034	0.26241609098915614	0.21321483988529683	0.0012112174321982348	0.2600421048220476	0.2647900771562647
HepG2_skew	[-0.5,-0.2)	dELS	2549562	2548981	1339908.153	2553660.241157	2545224	-104108.42022367191	7268760.884721668	144080	240324	599522	0.5256642371991003	0.725513124462883	5.335060361672719e-4	0.5246185653682124	0.5267099090299882
HepG2_skew	[-0.5,-0.2)	non-cCRE	5198450	5195580	3095622.038	6356530.14576	5143990	-1386773.8141669442	8074681.761407025	72428	198562	85790	0.595818376004219	0.8684502055220349	4.0884194242015245e-4	0.5950170457970756	0.5966197062113625
HepG2_skew	[-0.5,-0.2)	pELS	432363	431976	173827.49	275999.236208	431749	115213.27901510918	1698127.7403200911	43562	114157	136872	0.40240080467433376	0.476997313172013	0.0010508195814756182	0.40034119829464154	0.40446041105402597
HepG2_skew	[-1.0,-0.5)	Other cCREs	198416	198341	123402.297	254846.306353	197208	-35582.48696146567	418986.6620866331	5812	8107	30790	0.622172405100307	0.8977957166159503	0.0021275634226086207	0.6180023807919941	0.62634242940862
HepG2_skew	[-1.0,-0.5)	PLS	42560	42538	12339.965	14568.731173	42539	89107.824981277	589013.5641234501	16384	16224	26207	0.2900927406083972	0.2583397255833345	0.0024643765269035593	0.2852625626156662	0.2949229186011282
HepG2_skew	[-1.0,-0.5)	dELS	607068	606978	365289.353	724778.3200310001	605985	24884.189884230847	2156107.4523736625	44767	60079	206261	0.6018164628701534	0.8318950696392338	0.0011707058810601625	0.5995218793432755	0.6041110463970314
HepG2_skew	[-1.0,-0.5)	non-cCRE	911804	911429	672152.143	1461963.019157	903155	-295266.67158789205	1552838.0391167442	11886	39111	21118	0.7374706565185001	1.0601721002410207	0.001078516426461095	0.7353567643226363	0.7395845487143639
HepG2_skew	[-1.0,-0.5)	pELS	98380	98305	45115.687	75949.156853	98220	51529.66399284254	557783.6095665351	14201	26646	40761	0.4589358323584761	0.5619705351484224	0.002390941603462221	0.45424958681569017	0.4636220779012621
HepG2_skew	[-1.5,-1.0)	Other cCREs	36763	36759	26085.195	56710.232265	36489	-8964.862981725835	69128.18781115487	779	1519	5706	0.7096274381784052	1.0392149236293011	0.005317051211633166	0.6992060178036043	0.7200488585532062
HepG2_skew	[-1.5,-1.0)	PLS	8533	8531	2819.719	3792.206009	8524	24357.590978622433	165390.86661443842	4181	3274	5615	0.3305261985699215	0.33531242753747004	0.006269383750432164	0.31823820641907447	0.3428141907207685
HepG2_skew	[-1.5,-1.0)	dELS	115633	115626	78394.638	164403.703694	115438	7485.477988370454	421534.4915281907	8882	11375	45888	0.6780018162005086	0.9621794313480526	0.0028846975351204908	0.6723478090316725	0.6836558233693447
HepG2_skew	[-1.5,-1.0)	non-cCRE	196483	196409	182303.25	418704.821222	194869	-71677.06684605747	320880.3789169809	1945	8970	4083	0.9281817533819733	1.2702856858670104	0.002543138484182378	0.9231972019529758	0.9331663048109707
HepG2_skew	[-1.5,-1.0)	pELS	17814	17805	9429.464	17129.093593999998	17791	11886.3620190227	118719.3849749082	2948	4770	8103	0.5295964055040718	0.6816043222742052	0.0061872145906357555	0.5174694649064258	0.5417233461017179
HepG2_skew	[0.05,0.2)	Other cCREs	4263211	4259804	845875.591	853715.143595	4241014	-467398.3634650633	6901308.528366686	107036	141902	188588	0.19857148145783235	0.16098124123606433	1.9439846319930598e-4	0.19819046046996172	0.19895250244570298
HepG2_skew	[0.05,0.2)	PLS	314062	313005	53372.794	35291.992652	313824	86611.98394107062	1641324.653220586	40252	108391	114779	0.1705173847063146	0.0836762578262614	5.170416003624503e-4	0.16950398316960422	0.171530786243025
HepG2_skew	[0.05,0.2)	dELS	11414484	11411880	2291858.632	2295891.87277	11398594	-619164.1525724578	27137024.708709385	520968	883119	1343508	0.20083094389355655	0.16085131470766947	1.1872268483851819e-4	0.20059824743127305	0.20106364035584004
HepG2_skew	[0.05,0.2)	non-cCRE	47328095	47304594	8853903.960999988	8415987.702578986	46768889	-6985421.927460616	58240695.2197366	607753	1279122	267820	0.18716795161586183	0.1428787397958387	5.495815515313961e-5	0.1870602336317617	0.18727566959996197
HepG2_skew	[0.05,0.2)	pELS	1735803	1734318	314966.984	263972.602156	1733949	34988.06602674548	4606757.220046044	99242	403070	285857	0.18160855390995193	0.11922382336238473	2.6219062374615887e-4	0.18109466028740945	0.1821224475324944
HepG2_skew	[0.2,0.5)	Other cCREs	690805	690291	162766.611	208748.877027	686221	-103630.97989992936	1091892.6818380884	14811	26635	37722	0.23579419549146666	0.2468085224085276	5.979487611666712e-4	0.23462221591958	0.23696617506335332
HepG2_skew	[0.2,0.5)	PLS	81441	81276	13919.354	9714.089278	81388	44472.41396624665	502121.661818374	13470	29184	32832	0.17126032285053397	0.09019078705738699	0.0010534160416363271	0.16919562740892677	0.17332501829214117
HepG2_skew	[0.2,0.5)	dELS	2062271	2061767	470682.148	570659.240408	2059027	-135296.13903600973	4974576.593716979	95224	180427	316229	0.22829065941980833	0.22466511838101322	3.301019063140586e-4	0.22764365968343278	0.2289376591561839
HepG2_skew	[0.2,0.5)	non-cCRE	5595775	5592748	1226259.07	1504784.359082	5538647	-945043.7776055206	7214107.896547076	71416	192693	53074	0.21925877404095448	0.22098555481540627	1.9877845806492148e-4	0.21886916826314723	0.21964837981876173
HepG2_skew	[0.2,0.5)	pELS	343883	343577	67140.843	64527.309479	343438	37511.76204115865	1051916.4767714057	25020	87821	74732	0.19541716412914717	0.14962289665954462	6.599134614315706e-4	0.1941237337447413	0.19671059451355305
HepG2_skew	[0.5,1.0)	Other cCREs	141322	141205	35347.13	48151.9655	140283	-25763.620978487303	225944.40005283052	2745	5491	8840	0.2503249176728869	0.2783469171749891	0.0014040034347561682	0.2475730709407648	0.253076764405009
HepG2_skew	[0.5,1.0)	PLS	17858	17816	3254.745	2411.496203	17852	11937.740992818732	116467.04225081611	3228	6336	7245	0.18268662999550964	0.10198696645833652	0.0023925842254429366	0.17799716491364148	0.1873760950773778
HepG2_skew	[0.5,1.0)	dELS	442302	442207	110288.955	144038.064811	441641	-43591.41194812929	1092499.429206778	20074	39990	76163	0.24940571949335946	0.26352281207639483	7.719626736426647e-4	0.24789267265301984	0.2509187663336991
HepG2_skew	[0.5,1.0)	non-cCRE	1032679	1032136	225791.39	277192.447998	1023856	-189273.8086703789	1336241.2488612155	12058	39763	11818	0.21876127758357428	0.2207056587115338	4.6242176931305285e-4	0.2178549309157207	0.21966762425142786
HepG2_skew	[0.5,1.0)	pELS	76553	76474	15545.787	15486.504543	76437	10561.479004803234	251443.99671492144	6118	20107	18205	0.2032819912650051	0.1611853334622464	0.0014517968764037284	0.2004364693872538	0.2061275131427564
HepG2_skew	[1.0,1.5)	Other cCREs	23980	23962	5477.616	7281.892408	23794	-4692.3409932889035	37280.62124282405	423	953	1542	0.22859594357733076	0.25164774466531925	0.0032406713475957812	0.22224422773604302	0.2349476594186185
HepG2_skew	[1.0,1.5)	PLS	2692	2688	488.869	347.764275	2689	1894.591003714245	17310.657235781055	485	952	1051	0.18187090773809525	0.09633540238369374	0.00598657359319927	0.17013722349542468	0.19360459198076582
HepG2_skew	[1.0,1.5)	dELS	77287	77274	18397.845	24134.581649	77154	-6414.3539848747905	187456.3188462464	3593	7140	13730	0.2380858374097368	0.2556431782853061	0.001818864754333267	0.2345208624912436	0.24165081232823
HepG2_skew	[1.0,1.5)	non-cCRE	168921	168840	30572.126	31758.94482	167473	-37063.622949160286	224996.98090202425	1736	7177	2116	0.1810715825633736	0.15531483592566375	9.59110839773609e-4	0.17919172531741734	0.18295143980932987
HepG2_skew	[1.0,1.5)	pELS	14213	14189	2672.721	2473.408355	14198	1954.3809977447395	44222.40790512267	1111	3834	3534	0.18836570582845866	0.1388468689986225	0.0031281829966112473	0.1822344671551006	0.1944969445018167
HepG2_skew	[1.5,Inf)	Other cCREs	6762	6761	1132.686	968.847586	6730	-1333.9319966671756	10382.184587459966	120	242	391	0.16753231770448157	0.11524941940659492	0.004128705493600971	0.15944005493702368	0.17562458047193946
HepG2_skew	[1.5,Inf)	PLS	639	635	106.196	58.20881	639	317.3670016091781	3351.6674273489966	97	223	242	0.16723779527559055	0.06379940866390124	0.010023547760495338	0.14759164166501967	0.18688394888616142
HepG2_skew	[1.5,Inf)	dELS	21611	21606	3929.639	3882.779997	21582	-2220.4879932982144	50272.09318292966	918	1942	3552	0.18187721003424975	0.1466358814736506	0.0026051512413950186	0.17677111360111553	0.18698330646738398
HepG2_skew	[1.5,Inf)	non-cCRE	46278	46261	6368.042	3551.5909739999997	45866	-10798.993986487856	61756.16164819518	443	1747	545	0.13765465510905514	0.05782534260203247	0.0011180252167324383	0.13546332568425956	0.13984598453385072
HepG2_skew	[1.5,Inf)	pELS	3892	3887	632.638	443.430172	3889	425.8620030671591	11455.262548202392	290	1040	949	0.16275739644970416	0.0876128816842131	0.0047476283243860036	0.1534520449339076	0.17206274796550072
K562_skew	(-Inf,-1.5)	Other cCREs	27720	27718	16785.133	33878.863817	27498	-4114.476989477175	55733.82179505223	784	1214	5797	0.6055679702720255	0.8555877221720968	0.005555860423121171	0.5946784838427079	0.616457456701343
K562_skew	(-Inf,-1.5)	PLS	7488	7487	2309.711	2775.734031	7483	22621.244988732866	152118.06367408446	3738	2879	5445	0.3084961934018966	0.2756073977613562	0.006067244808375523	0.2966043935774806	0.3203879932263126
K562_skew	(-Inf,-1.5)	dELS	77516	77506	44803.511	88253.834627	77308	15000.002987178745	313168.97242011223	6801	8346	37458	0.5780650659303795	0.8045221609815175	0.0032218205236582893	0.5717502977040093	0.5843798341567498
K562_skew	(-Inf,-1.5)	non-cCRE	127232	127157	111632.764	246286.574132	125827	-45240.15387980665	190017.2497047872	920	6382	3197	0.8779128478966945	1.1661481673706344	0.003028354626004863	0.871977272829725	0.8838484229636641
K562_skew	(-Inf,-1.5)	pELS	12993	12992	5828.845	9874.035713	12979	12152.777010878899	100006.45798873072	2557	3772	7416	0.4486487838669951	0.5587661836964656	0.006558085154064933	0.4357949369650278	0.46150263076896236
K562_skew	[-0.05,0.05)	Other cCREs	19691538	19675986	5066339.591	7083649.112620993	19600413	-556880.2755180191	31301023.940310456	598320	579202	707873	0.2574884730554291	0.2937146509998933	1.2217843356032577e-4	0.25724900332565087	0.25772794278520733
K562_skew	[-0.05,0.05)	PLS	775278	769945	168418.317	163716.793491	774637	161166.33992035172	3503833.0092880386	82382	244903	237906	0.21874071134951198	0.16478711572027627	4.6262785115197823e-4	0.2178339607612541	0.21964746193776985
K562_skew	[-0.05,0.05)	dELS	46604016	46592399	12516122.282999992	17452655.224613056	46539941	2155324.4745509583	106742993.3824164	2355728	3205964	4406695	0.2686301317732103	0.30241945577562146	8.05651699443821e-5	0.26847222404011933	0.2687880395063013
K562_skew	[-0.05,0.05)	non-cCRE	305015868	304842950	73334727.49099976	98642764.82331796	301308114	-30646600.691104185	347721360.498521	4329689	6547325	1045603	0.24056560104473387	0.265713713545639	2.952357240013234e-5	0.2405077348428296	0.24062346724663813
K562_skew	[-0.05,0.05)	pELS	6478899	6472736	1566094.934	1885002.942854	6472897	315874.7740591614	15306157.299600946	335693	1351678	800559	0.24195254278870634	0.2326809750938651	1.8959919563778458e-4	0.2415809283652563	0.2423241572121564
K562_skew	[-0.2,-0.05)	Other cCREs	3794408	3791560	1671951.373	3139049.890951	3772614	-524460.6983037713	6266123.52639993	93182	133428	200357	0.4409666134783572	0.6334531932903327	4.087410897146347e-4	0.4401654809425165	0.4417677460141979
K562_skew	[-0.2,-0.05)	PLS	380547	379857	100375.168	107643.703858	380193	176400.8299417423	2124506.6829153625	57250	134742	166344	0.2642446183695443	0.21355488894755142	7.497987155824197e-4	0.2627750128870028	0.2657142238520859
K562_skew	[-0.2,-0.05)	dELS	10360293	10357149	4669737.991	8487382.283433	10344572	-480421.0374391456	25885073.795922637	504624	842515	1546921	0.45087098689031124	0.6161863195265387	2.4391354258118965e-4	0.45039291634685213	0.45134905743377035
K562_skew	[-0.2,-0.05)	non-cCRE	39462481	39443915	16633371.497999985	31445447.22477799	39022000	-7046441.370340482	51693912.50325221	532575	1130698	306589	0.42169676863972516	0.6193910729165288	1.2531194295161327e-4	0.42145115723154	0.42194238004791035
K562_skew	[-0.2,-0.05)	pELS	1651046	1649307	606714.95	929914.039806	1648952	105820.18400666212	4748026.639043344	107550	399041	351956	0.36786053172635536	0.42849996040314586	5.097117462310041e-4	0.3668614967037426	0.36885956674896814
K562_skew	[-0.5,-0.2)	Other cCREs	934359	933555	469809.035	903384.778187	928710	-182896.8576934932	1580752.24997662	20084	37143	75379	0.5032473019800654	0.7144253560880162	8.747993976301277e-4	0.5015326951607103	0.5049619087994205
K562_skew	[-0.5,-0.2)	PLS	169681	169474	43476.009	43825.554171	169583	167486.6029719647	1284062.6366893414	38601	62322	89361	0.25653497881680964	0.19278845080423182	0.0010665690246906938	0.2544445035284159	0.2586254541052034
K562_skew	[-0.5,-0.2)	dELS	2716152	2715064	1355131.443	2514826.199375	2711671	-190423.89301352415	7239456.212905698	137770	248153	594989	0.4991158377850393	0.6771329556232049	4.993981623282989e-4	0.4981370173868759	0.5000946581832028
K562_skew	[-0.5,-0.2)	non-cCRE	6815161	6810573	3621842.435	7001261.180355	6749794	-1777047.1530565007	9667859.623764502	78462	250104	94444	0.5317970213372649	0.7451908828904671	3.307820544707062e-4	0.5311486885105023	0.5324453541640275
K562_skew	[-0.5,-0.2)	pELS	478900	478318	183447.504	279096.478524	478203	98821.7010202317	1738438.1782750762	43653	126280	147931	0.38352623986552875	0.43640419868447794	9.551819299461723e-4	0.38165408328283423	0.38539839644822327
K562_skew	[-1.0,-0.5)	Other cCREs	265519	265341	146029.312	284526.634776	264004	-49655.614917967345	504565.645848533	6827	11087	35257	0.5503458266909373	0.7694279503363654	0.0017028711920898726	0.5470081991544412	0.5536834542274335
K562_skew	[-1.0,-0.5)	PLS	66434	66401	17812.489	18374.019599	66397	114989.46897344844	758199.7492562591	22250	25265	40558	0.2682563365009563	0.20475461680566892	0.0017560203380611388	0.26481453663835647	0.27169813636355616
K562_skew	[-1.0,-0.5)	dELS	786391	786114	419737.193	787175.806867	785041	-8342.77008341054	2434244.345295436	49340	77696	242114	0.5339393434031197	0.7162603921251925	9.545368580378451e-4	0.5320684511613655	0.5358102356448738
K562_skew	[-1.0,-0.5)	non-cCRE	1380720	1379709	902869.909	1805670.986047	1369643	-440393.5741314038	2144717.03171406	15612	60423	29880	0.6543915485076925	0.880505547692331	7.988629866902858e-4	0.6528257770537795	0.6559573199616056
K562_skew	[-1.0,-0.5)	pELS	143498	143291	57471.002	88007.12236000001	143283	64243.19600357826	698775.463806054	18568	39874	57751	0.40107893726751853	0.45332342769307404	0.0017786669082963786	0.39759275012725764	0.4045651244077794
K562_skew	[-1.5,-1.0)	Other cCREs	62210	62190	34354.607	67823.101567	61822	-5324.757992707776	149381.16731627783	2434	2686	12261	0.5524136838720052	0.7854306478019429	0.003553805403754679	0.545448225280646	0.5593791424633644
K562_skew	[-1.5,-1.0)	PLS	17763	17759	5024.809	5555.496571	17742	44235.81997553328	288143.01549941406	7856	6985	12163	0.28294436623683766	0.23278269923605371	0.0036204795292683403	0.2758482263594717	0.2900405061142036
K562_skew	[-1.5,-1.0)	dELS	184815	184781	98933.595	188308.812667	184452	30584.802953285533	722251.3538257565	15960	19121	75130	0.5354099988635195	0.7324319551925863	0.001990925391070208	0.5315077850970219	0.539312212630017
K562_skew	[-1.5,-1.0)	non-cCRE	239673	239546	169933.463	359707.921847	237550	-71917.73781182666	379671.6051991246	2969	11340	7047	0.7093980404598699	0.9983821669675436	0.0020415214430846997	0.7053966584314239	0.7133994224883159
K562_skew	[-1.5,-1.0)	pELS	32016	31992	12854.472	19891.529862	31962	24452.744002623844	213221.24871489237	5575	9050	15691	0.40180270067516877	0.4603347284125743	0.003793291120817748	0.394367850078366	0.40923755127197153
K562_skew	[0.05,0.2)	Other cCREs	3774297	3771937	740105.343	736346.6073949999	3755576	-361262.57555983344	5988910.987097038	95858	125154	176304	0.1962136013936606	0.15671736546809903	2.0383386804019715e-4	0.1958140870123018	0.1966131157750194
K562_skew	[0.05,0.2)	PLS	295060	294298	48730.037	29936.119097	294818	83501.75398808917	1547417.6403407855	37972	102639	110059	0.1655805917811198	0.07430375006549213	5.02471820857184e-4	0.16459574701223972	0.1665654365499999
K562_skew	[0.05,0.2)	dELS	9957325	9955022	1954904.564	1900065.875712	9943692	-258350.72857899545	23532229.703043405	469298	770144	1240070	0.1963737060550946	0.152302443309291	1.2368935454163437e-4	0.196131274920193	0.1966161371899962
K562_skew	[0.05,0.2)	non-cCRE	41993362	41976488	7893980.500999992	7620535.799336984	41519348	-5742193.914478938	50382712.80672434	549570	1124016	247622	0.18805719289808123	0.14617745371418853	5.901156688082703e-5	0.1879415302269948	0.18817285556916766
K562_skew	[0.05,0.2)	pELS	1536617	1535282	272108.023	216613.310731	1534927	84476.26301245096	4133176.118675195	91969	360384	267442	0.17723650964448223	0.10967753426781125	2.672789521600332e-4	0.17671264289824856	0.1777603763907159
K562_skew	[0.2,0.5)	Other cCREs	800006	799374	164582.698	182677.100604	795045	-101674.94884848726	1244235.686094349	17969	30076	47626	0.20588948101889729	0.18613495117809847	4.8254626182139506e-4	0.20494369034572735	0.20683527169206722
K562_skew	[0.2,0.5)	PLS	104471	104296	16583.508	9604.97434	104407	54296.33794560494	634757.9649529645	17053	37764	43670	0.15900425711436683	0.06681169730197845	8.003729936423431e-4	0.15743552604682784	0.16057298818190582
K562_skew	[0.2,0.5)	dELS	2312498	2311771	464811.034	489504.355922	2308840	-80218.48816109326	5552298.33386523	110026	199991	370698	0.2010627497273735	0.1713181550596886	2.7222580371464265e-4	0.2005291871520928	0.2015963123026542
K562_skew	[0.2,0.5)	non-cCRE	6505091	6501311	1325961.677	1506377.022771	6437460	-1043411.1872843415	8178462.913572784	83401	220740	63971	0.20395296840898702	0.19010679428458133	1.710008812116199e-4	0.20361780668181226	0.2042881301361618
K562_skew	[0.2,0.5)	pELS	396782	396440	69803.876	56986.087414	396291	57402.16302840331	1207425.9148693106	29833	102276	91491	0.1760767732822117	0.11274179928142383	5.33278097633267e-4	0.17503154821085048	0.1771219983535729
K562_skew	[0.5,1.0)	Other cCREs	185851	185684	38842.777	45499.592295	184551	-30215.955974817625	285015.33254885324	3595	7338	12336	0.2091875282738416	0.2012794266738365	0.001041147958302212	0.20714687827556927	0.21122817827211393
K562_skew	[0.5,1.0)	PLS	28641	28597	4502.571	2637.613923	28621	19989.61500124773	193732.71712214287	5336	10537	12327	0.15744906808406475	0.06744608739221096	0.0015357415795826611	0.15443901458808273	0.16045912158004677
K562_skew	[0.5,1.0)	dELS	576858	576675	117661.531	130179.350943	575917	-29348.65594935732	1409411.1501498283	27387	53381	105765	0.2040343885203971	0.18411156461543482	5.650345082542833e-4	0.2029269208842187	0.20514185615657549
K562_skew	[0.5,1.0)	non-cCRE	1270976	1270070	253564.361	284875.714089	1259669	-231647.09965537747	1644524.346431946	15508	50906	16945	0.19964597305660317	0.18444085361085044	3.810787507633389e-4	0.19889905870510702	0.20039288740809932
K562_skew	[0.5,1.0)	pELS	105478	105369	18232.417	14751.974009	105333	21562.818986295595	360309.3503935287	9150	28652	27333	0.1730339758372956	0.11006326784570743	0.0010220326554256209	0.17103079183266137	0.17503715984192983
K562_skew	[1.0,1.5)	Other cCREs	34527	34506	7603.594	9680.872094	34298	-6559.164991383676	52313.76881952174	593	1435	2515	0.22035570625398482	0.2320062822217487	0.002593000278448006	0.21527342570822672	0.22543798679974292
K562_skew	[1.0,1.5)	PLS	5381	5370	881.8820000000001	571.639032	5377	4082.1300043101655	36666.7316896274	1041	1912	2219	0.16422383612662944	0.0794958068446593	0.0038475561627413133	0.15668262604765648	0.1717650462056024
K562_skew	[1.0,1.5)	dELS	113476	113447	24260.435	29013.397759	113292	-6913.078991728254	275518.45277405216	5471	10821	21925	0.21384818461484217	0.210014877353839	0.001360593909548599	0.2111814205521269	0.21651494867755744
K562_skew	[1.0,1.5)	non-cCRE	214668	214525	38608.692	39649.842886	212901	-43541.4759497327	284953.1032561265	2478	9439	3309	0.17997292623237388	0.1524366672668585	8.429576712696233e-4	0.1783207291966854	0.18162512326806235
K562_skew	[1.0,1.5)	pELS	21459	21431	3726.042	3120.873492	21434	4102.7839999975395	72211.41555162484	1871	5874	5867	0.17386225561103075	0.11540155974701652	0.002320516288386066	0.16931404368579406	0.17841046753626744
K562_skew	[1.5,Inf)	Other cCREs	11335	11330	2305.2509999999997	2794.744737	11270	-2554.4329939259924	17728.41409853156	190	454	697	0.20346434245366282	0.205288053499369	0.004256639624326091	0.19512132878998367	0.21180735611734197
K562_skew	[1.5,Inf)	PLS	1520	1515	213.009	106.307843	1520	1113.4789987480035	9503.56604139788	293	525	638	0.1406	0.050435123910171735	0.005769792962645758	0.12929120579321432	0.15190879420678569
K562_skew	[1.5,Inf)	dELS	38078	38064	8057.987	9772.604171	38020	-3865.2129888556674	91082.73481225426	1656	3803	7288	0.2116957492643968	0.21193186494685737	0.002359613746362159	0.20707090632152697	0.21632059220726663
K562_skew	[1.5,Inf)	non-cCRE	68402	68367	10498.375	8861.733853	67940	-19876.644980281813	104260.69438760327	752	3280	1135	0.1535591001506575	0.10604120227826465	0.001245414907741855	0.15111808693148346	0.15600011336983152
K562_skew	[1.5,Inf)	pELS	7584	7545	1258.67	1055.669386	7573	1594.4730086486086	23518.14813123304	660	2125	2172	0.16682173624917165	0.11210178568866054	0.003854576268441536	0.15926676676302626	0.17437670573531705
SKNSH_skew	(-Inf,-1.5)	Other cCREs	17438	17431	14866.679	32501.089435	17319	-6569.273998489603	34867.76415406952	291	649	2504	0.8528873271757215	1.1372052391687077	0.008077152348562237	0.8370561085725394	0.8687185457789035
SKNSH_skew	(-Inf,-1.5)	PLS	6182	6181	2108.5950000000003	2671.684857	6175	19409.44899485783	137319.5792863247	3207	2456	3989	0.34114140106778845	0.31591517870800434	0.007149174121372349	0.32712901978989867	0.35515378234567824
SKNSH_skew	(-Inf,-1.5)	dELS	53044	53041	42045.835	89042.762151	52964	-1441.7200035710105	187469.42239850055	3688	5195	21465	0.7927044173375313	1.0503929678705697	0.004450102877399265	0.7839822156978287	0.8014266189772339
SKNSH_skew	(-Inf,-1.5)	non-cCRE	78388	78356	77768.396	175436.839522	77620	-36795.51196685621	154960.91288460582	749	2988	1900	0.9925008423094593	1.2539294363722087	0.004000372379758478	0.9846601124451327	1.000341572173786
SKNSH_skew	(-Inf,-1.5)	pELS	7526	7526	4606.065	8658.309505	7522	6407.543999280896	60172.38939263826	1394	1977	3643	0.6120203295243156	0.775987253938815	0.010154187695835946	0.5921181216404772	0.6319225374081541
SKNSH_skew	[-0.05,0.05)	Other cCREs	17647528	17635234	4009740.9799999967	5087989.382529997	17574217	-213329.72164829067	27182141.338480905	535339	519702	640778	0.22737101078443284	0.23681515990878238	1.1588150768731287e-4	0.2271438830293657	0.22759813853949998
SKNSH_skew	[-0.05,0.05)	PLS	723426	718791	142947.585	122443.585025	722790	186770.84086882303	3312039.216223597	80971	230530	235105	0.19887225215674653	0.13079658433712493	4.265764602169915e-4	0.19803616229472124	0.19970834201877183
SKNSH_skew	[-0.05,0.05)	dELS	40890266	40879118	9471455.802999994	11914490.935529009	40838301	3005433.1987817152	90925892.67191188	2077104	2792864	3867874	0.23169423085400212	0.23777444283312799	7.62661508044915e-5	0.23154474919842533	0.23184371250957891
SKNSH_skew	[-0.05,0.05)	non-cCRE	273884378	273753758	59538225.78699942	73169139.36130258	270813641	-24663957.17698816	302122585.7116434	3839602	5827622	917578	0.21748825010467773	0.21997972002463104	2.8347272437972452e-5	0.2174326894506993	0.21754381075865617
SKNSH_skew	[-0.05,0.05)	pELS	5741840	5735965	1221571.708	1322744.032026	5736263	429319.88297736173	13316735.848564511	301232	1203651	734407	0.21296707842533907	0.1852503736575384	1.797116782878605e-4	0.21261484353589485	0.2133193133147833
SKNSH_skew	[-0.2,-0.05)	Other cCREs	4866354	4861963	2580140.426	5068083.731752	4835062	-680737.8329848853	8493988.329400983	129546	169122	252837	0.5306787456013137	0.7607747750819692	3.955689799569758e-4	0.529903430400598	0.5314540608020294
SKNSH_skew	[-0.2,-0.05)	PLS	429616	428537	127460.311	151883.636553	429241	185582.03696268267	2357134.330203519	62736	149218	180216	0.2974312859799737	0.2659588747289903	7.877947475197054e-4	0.29588720827483506	0.29897536368511235
SKNSH_skew	[-0.2,-0.05)	dELS	13577090	13573527	7316479.5	13805802.877354007	13554609	-772981.7994184522	34924983.988534115	678302	1102412	1960126	0.539025671072817	0.7265637981594465	2.3136119663453398e-4	0.5385722031274133	0.5394791390182206
SKNSH_skew	[-0.2,-0.05)	non-cCRE	53541340	53504032	27722423.72999999	55450851.77569992	52789122	-9423160.390443616	74187208.31979115	819597	1506152	394688	0.5181370953501222	0.767920377217418	1.1980221298677065e-4	0.5179022830126682	0.5183719076875762
SKNSH_skew	[-0.2,-0.05)	pELS	2112016	2110033	911757.125	1475733.3646190001	2109525	97893.2821047623	6051818.226945067	135149	502984	424964	0.4321056234665524	0.5126737337020498	4.929193985943716e-4	0.43113950144530744	0.43307174548779737
SKNSH_skew	[-0.5,-0.2)	Other cCREs	886950	886025	504017.746	992093.682566	880414	-181296.76282331877	1584344.6437636742	20394	34986	77449	0.5688527366609294	0.7961204306296746	9.479084540243179e-4	0.5669948360910417	0.570710637230817
SKNSH_skew	[-0.5,-0.2)	PLS	154178	154039	40488.704	42998.532688	154073	155420.31997924455	1219024.615427454	35733	57115	79256	0.2628470971637053	0.21005332693023474	0.0011677488196028506	0.2605583094772837	0.2651358848501269
SKNSH_skew	[-0.5,-0.2)	dELS	2676537	2675486	1486100.287	2806141.939057	2670783	-159658.3581583878	7525635.851169992	146136	246464	604766	0.5554505936491538	0.7403093840633276	5.260236686426899e-4	0.5544195872586142	0.5564816000396935
SKNSH_skew	[-0.5,-0.2)	non-cCRE	6578404	6566660	4330229.148	8756771.892154003	6487333	-2003378.07642365	10194804.959266284	79541	241083	91853	0.659426428047135	0.8986768389317572	3.6993848122712645e-4	0.6587013486239298	0.6601515074703402
SKNSH_skew	[-0.5,-0.2)	pELS	453282	452836	191730.057	303378.008657	452674	101208.3120392927	1716289.2910263487	43060	118077	137255	0.4233984422616576	0.4906860140856188	0.0010409535893142695	0.4213581732266017	0.42543871129671357
SKNSH_skew	[-1.0,-0.5)	Other cCREs	228365	228220	150813.556	307953.986292	226825	-53634.97493350938	435331.9108939395	5200	9101	27796	0.6608253264394006	0.9126872386471466	0.001999788831467801	0.6569057403297237	0.6647449125490775
SKNSH_skew	[-1.0,-0.5)	PLS	52740	52722	14571.654	16417.455232	52700	93984.5869779447	642031.0212096518	18090	20106	30253	0.276386593831797	0.2350115782410144	0.0021112938912532394	0.2722484578049406	0.28052472985865334
SKNSH_skew	[-1.0,-0.5)	dELS	701840	701697	443091.079	865115.228165	700413	-20363.732088073524	2290659.3849299094	45148	67741	214121	0.6314564249241482	0.8341539919051506	0.0010903057598020986	0.6293194256349361	0.6335934242133603
SKNSH_skew	[-1.0,-0.5)	non-cCRE	1222286	1220503	965227.591	2052359.711795	1207474	-442305.6943390965	2052872.577895856	13744	51829	24614	0.79084409542623	1.0561352383774592	9.302299990881436e-4	0.7890208446280172	0.7926673462244428
SKNSH_skew	[-1.0,-0.5)	pELS	115061	114956	54750.084	90563.35383	114875	46757.190002118245	584561.0222397493	14697	30962	43252	0.47626991196631757	0.5609806980398547	0.002209063181898186	0.4719401481297971	0.480599675802838
SKNSH_skew	[-1.5,-1.0)	Other cCREs	47338	47326	33452.624	70780.052786	46928	-12617.245989823246	80903.08424932408	824	1945	6445	0.7068550902252463	0.9959618643467251	0.004587451175334046	0.6978636859215915	0.715846494528901
SKNSH_skew	[-1.5,-1.0)	PLS	14368	14363	4314.099	5264.051503	14358	35272.107987335294	235013.3393452744	6278	5697	8966	0.3003619717329249	0.27630275874592397	0.004386014169087692	0.291765383961513	0.30895855950433676
SKNSH_skew	[-1.5,-1.0)	dELS	144976	144955	99602.846	203180.881726	144699	-1684.1789887470673	475810.0999878272	9738	14334	53513	0.6871294263737022	0.9295420291184223	0.0025323160956949864	0.6821660868261401	0.6920927659212643
SKNSH_skew	[-1.5,-1.0)	non-cCRE	231877	231750	209694.167	465601.516569	229539	-84996.34983586486	380575.59789972333	2310	10435	5084	0.9048291995685005	1.1903572886537008	0.0022663594772363714	0.9003871349931172	0.9092712641438838
SKNSH_skew	[-1.5,-1.0)	pELS	22546	22517	11855.726	20800.551152	22509	14086.015014072653	145243.7878393627	3671	6117	9749	0.5265233379224586	0.6465728692923219	0.005358626343032699	0.5160204302901146	0.5370262455548027
SKNSH_skew	[0.05,0.2)	Other cCREs	4916008	4912197	855537.828	678241.460208	4890493	-538552.0855906137	8101020.489913989	127164	156610	214873	0.1741660255075275	0.10773915312701232	1.4809789680334591e-4	0.17387575362979293	0.17445629738526205
SKNSH_skew	[0.05,0.2)	PLS	340789	339627	54856.489	30234.991509	340557	93275.33295681304	1776686.0660611624	43668	117323	127779	0.16151981144019764	0.06293564612087627	0.00043047431451488947	0.16067608178374845	0.16236354109664683
SKNSH_skew	[0.05,0.2)	dELS	12848625	12845957	2223308.695	1728535.9279810004	12830947	-760119.67792059	30981369.84470363	590186	964350	1483321	0.17307458642435125	0.10460394657277444	9.023827882641053e-5	0.17289771939785148	0.17325145345085102
SKNSH_skew	[0.05,0.2)	non-cCRE	59221030	59192793	9809476.543999985	7061976.270537979	58465408	-9095061.130920842	72851508.39471434	753225	1487219	306376	0.16572079212413554	0.0918412844479979	3.9389870970192004e-5	0.16564358797703396	0.16579799627123712
SKNSH_skew	[0.05,0.2)	pELS	1925303	1923601	312682.627	206494.236811	1923386	17584.137951118602	5161833.28600391	109299	439718	313437	0.16255066773202967	0.08092507122267875	2.051086839603999e-4	0.16214865471146728	0.16295268075259206
SKNSH_skew	[0.2,0.5)	Other cCREs	757967	757182	160717.263	186939.938031	752368	-101707.3338691582	1198101.7328572082	16958	28791	40781	0.21225710991544966	0.20183622710170854	5.162967830916312e-4	0.21124516822059006	0.21326905161030926
SKNSH_skew	[0.2,0.5)	PLS	98146	97966	16014.694	9290.467076	98081	55077.480981676614	611782.6934566017	16601	35997	41507	0.1634719596594737	0.06811119955569014	8.338185958258881e-4	0.16183767521165496	0.16510624410729244
SKNSH_skew	[0.2,0.5)	dELS	2178374	2177729	442521.479	478716.152371	2174478	-101165.10396342946	5262775.612010089	102646	187042	330441	0.20320318965307438	0.17853211068976657	2.863230109908647e-4	0.20264199655153228	0.20376438275461647
SKNSH_skew	[0.2,0.5)	non-cCRE	6763308	6756065	1315407.609	1431204.601783	6684153	-1068605.6812593325	8426674.723340318	84831	226574	59592	0.19470025954457215	0.1739318039177537	1.6045106015888396e-4	0.19438577546666075	0.19501474362248356
SKNSH_skew	[0.2,0.5)	pELS	371639	371326	66770.339	56061.556467	371158	52324.15304861663	1154356.0743708797	28232	94682	80751	0.1798159541750376	0.11864319463845492	5.652541199262e-4	0.17870805609998225	0.18092385225009294
SKNSH_skew	[0.5,1.0)	Other cCREs	172165	171984	39763.256	51786.71211	170800	-28879.40094884276	271165.5590048664	3420	6721	10223	0.2312032282072751	0.24766005337020344	0.0012000074943031135	0.22885121351844098	0.2335552428961092
SKNSH_skew	[0.5,1.0)	PLS	25812	25775	4416.023	2902.087743	25798	18839.093996377534	184230.66242564493	4980	9457	10808	0.17132969932104752	0.08324248662276594	0.0017971038952143542	0.1678073756864274	0.17485202295566765
SKNSH_skew	[0.5,1.0)	dELS	524062	523910	118825.16	146623.672808	523178	-34868.47797545873	1296490.362082764	24854	47309	89333	0.22680452749518049	0.2284243800729913	6.603024116447732e-4	0.22551033476835672	0.22809872022200425
SKNSH_skew	[0.5,1.0)	non-cCRE	1296258	1294511	271943.64	330770.003258	1282179	-230563.44457727345	1649695.998983668	15342	49616	14416	0.2100744141996476	0.21138624065451805	4.040968685781031e-4	0.2092823843372345	0.21086644406206068
SKNSH_skew	[0.5,1.0)	pELS	91916	91825	17298.227	15736.109927	91806	19325.112008672317	322264.2532399529	8075	24217	21823	0.18838254288047915	0.1358841472536182	0.0012164770728895697	0.1859982478176156	0.1907668379433427
SKNSH_skew	[1.0,1.5)	Other cCREs	31328	31292	7554.66	10474.303164	31100	-6122.085999486618	48398.74332561733	544	1211	2035	0.24142464527674803	0.27645080225347746	0.0029722974336659756	0.23559894230676273	0.24725034824673334
SKNSH_skew	[1.0,1.5)	PLS	5377	5370	876.3679999999999	487.383434	5375	4716.702001552678	43480.50017969252	1140	1971	2176	0.1631970204841713	0.06413909248506758	0.0034560042073206697	0.1564232522378228	0.16997078873051982
SKNSH_skew	[1.0,1.5)	dELS	99580	99559	23616.795	30941.526719	99401	-7059.930983916274	246874.43841303457	4752	9168	18099	0.2372140640223385	0.25451787699499345	0.0015988910927494978	0.23408023748054949	0.2403478905641275
SKNSH_skew	[1.0,1.5)	non-cCRE	209357	209212	45018.399	55928.860521	207447	-44414.11794058093	282986.3270714508	2352	8558	2745	0.21518076878955317	0.22102932835513023	0.0010278545350387626	0.2131661739008772	0.21719536367822914
SKNSH_skew	[1.0,1.5)	pELS	18146	18127	3441.434	3211.722374	18124	4534.000994647503	68017.09510627923	1731	4993	4724	0.18985127158382525	0.14114320605915204	0.0027904035882093136	0.184382080550935	0.1953204626167155
SKNSH_skew	[1.5,Inf)	Other cCREs	10329	10327	2103.696	2466.96017	10275	-2153.040997465724	15520.944260593938	156	379	681	0.2037083373680643	0.19740652290452765	0.004372135982750693	0.19513895084187294	0.21227772389425564
SKNSH_skew	[1.5,Inf)	PLS	1630	1628	272.988	154.080336	1630	1535.6710024651843	14199.753650491491	368	603	635	0.16768304668304668	0.06656722584639732	0.0063944475418216485	0.15514992950107626	0.1802161638650171
SKNSH_skew	[1.5,Inf)	dELS	33024	33013	7114.088	8545.842228	32973	-3064.803995774359	79766.76128905674	1507	3056	5994	0.21549353285069517	0.21243191178569196	0.0025366899181094825	0.21052162061120058	0.22046544509018975
SKNSH_skew	[1.5,Inf)	non-cCRE	67008	66971	11576.155	11397.990271	66330	-15073.42797759792	88578.85303786071	643	2577	896	0.17285324991414194	0.1403167725509953	0.0014474760997470898	0.17001619675863766	0.17569030306964623
SKNSH_skew	[1.5,Inf)	pELS	5997	5991	1077.343	932.818783	5992	1064.2479989884885	19974.96032123208	539	1628	1604	0.1798269070272075	0.12338623096871239	0.004538200604337202	0.17093203384270658	0.1887217802117084
mean_skew	(-Inf,-1.5)	Other cCREs	13800	13799	12349.991	27056.601001	13708	-5564.988994104321	27139.501238684257	181	569	2101	0.8949917385317777	1.1598391857557757	0.009168010065583109	0.8770224388032348	0.9129610382603206
mean_skew	(-Inf,-1.5)	PLS	4082	4082	1472.867	1990.296065	4079	13255.30400350865	93013.81926846816	2143	1552	2810	0.36081994120529154	0.3574751974165121	0.009358073613104789	0.34247811692360614	0.37916176548697694
mean_skew	(-Inf,-1.5)	dELS	38651	38649	32402.074	69593.091282	38573	-2023.4070012718444	136764.84714195837	2617	3901	16974	0.8383677197340165	1.0978120054845564	0.0053296029675559626	0.8279216979176068	0.8488137415504261
mean_skew	(-Inf,-1.5)	non-cCRE	73105	73072	78766.375	178300.267705	72451	-34751.47294242855	131579.95150642018	473	3249	1609	1.0779282762207139	1.2781509063389809	0.004182303727918508	1.0697309609139936	1.0861255915274342
mean_skew	(-Inf,-1.5)	pELS	5941	5941	3732.898	7149.402922	5938	5155.873997278048	47855.4968745778	1125	1594	3202	0.628328227571116	0.8087403599252925	0.01166741867177266	0.6054600869744415	0.6511963681677904
mean_skew	[-0.05,0.05)	Other cCREs	19253756	19239780	4667995.067999997	6235899.643675992	19169835	-354505.73551226984	30171411.943622947	588080	563508	691032	0.24262206054331167	0.26524946371119007	1.1741597976756127e-4	0.24239192522296726	0.24285219586365608
mean_skew	[-0.05,0.05)	PLS	781434	776399	161500.537	146345.360561	780785	175674.34789312675	3565243.960793976	85050	248942	249971	0.208012293936494	0.145223536623812	4.324899507925471e-4	0.20716461363294061	0.2088599742400474
mean_skew	[-0.05,0.05)	dELS	44819964	44808536	11215260.910999987	14898848.858437045	44761226	2711511.2516023624	101146987.13927723	2272309	3052904	4197465	0.25029295558774756	0.26985367982539765	7.760394424240427e-5	0.25014085185703244	0.25044505931846267
mean_skew	[-0.05,0.05)	non-cCRE	300276644	300125299	69129009.32099964	89533144.2239522	296738718	-28551962.123907413	336980404.80875725	4248978	6385630	1006962	0.23033382907516783	0.24526554508201898	2.858689381656217e-5	0.23027779876328738	0.23038985938704828
mean_skew	[-0.05,0.05)	pELS	6263870	6257649	1423632.525	1628391.138129	6257937	379565.7980156528	14647973.521846903	325676	1308218	785102	0.2275027770013946	0.20846662919710293	1.82520929760515e-4	0.227145035979064	0.2278605180237252
mean_skew	[-0.2,-0.05)	Other cCREs	4255063	4251281	2098108.723	4056990.916029	4228409	-635800.1861391333	7216805.810878036	105496	151532	230612	0.49352388680023745	0.710732801444402	4.0887755761537313e-4	0.49272248678731134	0.49432528681316357
mean_skew	[-0.2,-0.05)	PLS	416240	415314	115861.465	130657.994247	415866	199504.20497920184	2330956.257092432	63299	146053	179539	0.27897317451374143	0.2367750432857562	7.55056893187772e-4	0.2774932630030934	0.28045308602438945
mean_skew	[-0.2,-0.05)	dELS	12036621	12032884	5990088.542	11137597.217528004	12016417	-602183.289455111	30699900.05560243	600117	994181	1824098	0.49780988015840594	0.6777820376294479	2.3733411132200542e-4	0.4973447053002148	0.4982750550165971
mean_skew	[-0.2,-0.05)	non-cCRE	43081688	43048644	21153993.456999995	41709995.77638897	42528544	-8231279.698026931	59172960.31490241	612380	1279466	357094	0.49139743999834223	0.7274323965537658	1.2999198672065905e-4	0.49114265570436977	0.4916522242923147
mean_skew	[-0.2,-0.05)	pELS	1900109	1898261	762262.329	1204663.754689	1897808	125413.6210439668	5539558.101923968	125848	458154	402012	0.4015582309282022	0.4733656308158781	4.99367643200028e-4	0.40057947034753016	0.40253699150887423
mean_skew	[-0.5,-0.2)	Other cCREs	805541	804859	460422.323	916458.223371	800188	-175676.79075352487	1435819.4441845398	17738	32766	75206	0.5720533944454866	0.8114127841437543	0.0010040631319852905	0.5700854307067955	0.5740213581841778
mean_skew	[-0.5,-0.2)	PLS	154255	154097	40628.936	42898.657418	154158	169009.89595559266	1253718.5213320043	37558	57187	81874	0.26365818932231	0.20887307729044224	0.0011642443544380902	0.26137627038761135	0.26594010825700864
mean_skew	[-0.5,-0.2)	dELS	2449358	2448537	1366019.904	2609049.365108	2444992	-175907.00913036492	6925578.240593849	132386	231387	591056	0.5578922858833663	0.7543109018218492	5.550368997924671e-4	0.5568044135597731	0.5589801582069595
mean_skew	[-0.5,-0.2)	non-cCRE	5383911	5379211	3520804.888	7159648.814744	5330181	-1671147.209556833	8426497.557637658	64992	208949	87573	0.6545206886288714	0.9025877730972288	4.0962403672448183e-4	0.6537178255168914	0.6553235517408513
mean_skew	[-0.5,-0.2)	pELS	427926	427421	179838.229	285013.803037	427303	102303.23599986744	1661649.771738611	42214	114081	139039	0.4207519728791987	0.48979110333196596	0.0010704774375235226	0.4186538371016526	0.42285010865674477
mean_skew	[-1.0,-0.5)	Other cCREs	201190	201098	128908.802	263296.8298	199944	-39538.4009736717	424587.0289559355	5729	8358	31716	0.6410247839361903	0.8983878071302747	0.002113625543614185	0.6368820778707065	0.6451674900016742
mean_skew	[-1.0,-0.5)	PLS	53007	52994	14880.256	16471.118376	52977	102774.3559716857	677338.2470084938	19402	20257	32731	0.28079133486809826	0.2319716081478869	0.00209220418236741	0.27669061467065814	0.2848920550655384
mean_skew	[-1.0,-0.5)	dELS	615734	615611	380846.462	745203.94851	614635	5062.622893198966	2146066.768785348	43293	61958	215794	0.618647915648031	0.8277872006818814	0.001159594556076308	0.6163751103181214	0.6209207209779406
mean_skew	[-1.0,-0.5)	non-cCRE	915473	914992	702962.434	1510588.37472	907472	-318128.3105041496	1562767.0047608542	11188	41104	23240	0.7682716723206323	1.0606904876356575	0.0010766776267929284	0.7661613841721182	0.7703819604691464
mean_skew	[-1.0,-0.5)	pELS	106887	106801	48339.677	78691.864137	106711	56482.23901360098	594276.9656291849	15441	29816	46167	0.45261446053875903	0.5319534392231006	0.002231768538466997	0.4482401942033637	0.45698872687415437
mean_skew	[-1.5,-1.0)	Other cCREs	41531	41519	28017.886	58924.936298	41156	-8177.02798378037	81782.47384873174	1056	1790	7099	0.6748208290180399	0.9638682797858055	0.004818206416873322	0.6653771444409682	0.6842645135951115
mean_skew	[-1.5,-1.0)	PLS	12488	12484	3734.4	4474.651794	12471	34667.54797589255	229699.88482884175	5986	5002	8467	0.2991348926626081	0.2689707963502969	0.004641685213076592	0.290037189644978	0.30823259568023825
mean_skew	[-1.5,-1.0)	dELS	123550	123532	81675.89	166782.881494	123277	10906.66699808242	464089.6376422137	9652	12780	52160	0.6611719230644691	0.9129779264694527	0.002718569263308478	0.6558435273083846	0.6665003188205537
mean_skew	[-1.5,-1.0)	non-cCRE	194394	194316	168252.253	377884.552397	192343	-67118.15683932623	308199.29107094585	1844	9057	4682	0.8658692696432615	1.1949674341973433	0.002479840531261178	0.8610087822019896	0.8707297570845334
mean_skew	[-1.5,-1.0)	pELS	20503	20485	10170.348	17591.603004	20470	15736.004017203477	145111.3701435394	3673	5733	10109	0.49647781303392724	0.6122950044505968	0.005467167426603994	0.4857621648777834	0.507193461190071
mean_skew	[0.05,0.2)	Other cCREs	4175553	4172266	779122.926	707585.695018	4153187	-472633.8465766834	6779121.265738587	104552	138047	189512	0.18673855549957744	0.13472140558189755	1.7969347536462063e-4	0.1863863562878628	0.18709075471129208
mean_skew	[0.05,0.2)	PLS	313963	313022	51076.427	30089.251579	313720	86324.60595887485	1640181.6259570287	40148	109027	116234	0.16317200388471098	0.069500156967548	4.71200195259089e-4	0.16224845150200318	0.16409555626741879
mean_skew	[0.05,0.2)	dELS	11150681	11148116	2075569.804	1840973.8854980003	11134829	-625822.7076987294	26637324.95422929	509217	860464	1341812	0.1861812169876955	0.1304742347424984	1.0818365240358598e-4	0.18596917702898447	0.18639325694640652
mean_skew	[0.05,0.2)	non-cCRE	46523755	46499324	8207783.258999991	6971771.180948983	45962942	-7068293.57159667	57314339.16248618	591546	1247765	268865	0.17651403403197843	0.11877554104266756	5.054057622147967e-5	0.17641497450258434	0.17661309356137253
mean_skew	[0.05,0.2)	pELS	1700743	1699282	289315.886	213072.229398	1698953	41004.2370044001	4556654.496905348	98582	395931	286391	0.17025772414466817	0.09640192827951453	2.3818265497314292e-4	0.1697908861409208	0.17072456214841553
mean_skew	[0.2,0.5)	Other cCREs	667583	666974	144814.014	171977.746984	662930	-99780.71989298672	1044299.4915694668	14037	25934	38311	0.2171209282520758	0.21070657109119995	5.620624699989284e-4	0.2160192858108779	0.2182225706932737
mean_skew	[0.2,0.5)	PLS	90126	89984	14702.7	9000.873186	90065	49253.06397302752	556200.0747032574	15079	32706	37790	0.16339238086770982	0.07333122954131695	9.027382327759347e-4	0.161623013931469	0.16516174780395065
mean_skew	[0.2,0.5)	dELS	1965695	1965104	410725.89	456709.371276	1962468	-120462.2980002238	4755142.694265989	91144	173052	313389	0.2090097470668219	0.1887247929972651	3.0990009474294867e-4	0.20840234288112572	0.2096171512525181
mean_skew	[0.2,0.5)	non-cCRE	5469817	5465663	1097316.176	1242129.829532	5413034	-927647.2686759564	6956406.747256499	67586	191483	54242	0.20076542882354803	0.18695387254139464	1.84946368191459e-4	0.20040293394189276	0.2011279237052033
mean_skew	[0.2,0.5)	pELS	341338	341026	62004.751	53277.346503	340898	46903.91304374405	1072494.9119457202	26040	88786	78155	0.18181825139432184	0.1231691257181722	6.009760761503406e-4	0.18064033828506718	0.1829961645035765
mean_skew	[0.5,1.0)	Other cCREs	138054	137923	32564.364	43028.278932	136967	-26907.176962325335	219236.9332939707	2535	5535	8905	0.23610539213909212	0.25622929626904967	0.0013630005917419194	0.23343391097927796	0.2387768732989063
mean_skew	[0.5,1.0)	PLS	22121	22082	3744.936	2420.061784	22112	15838.655993747749	153735.72575786046	4216	8118	9445	0.16959224707906892	0.08083645091221864	0.0019133059236982111	0.16584216746862043	0.1733423266895174
mean_skew	[0.5,1.0)	dELS	430682	430562	100076.533	125478.202031	430015	-45979.97994193973	1053573.761858926	19199	40128	78481	0.23243233959336865	0.237404640288872	7.425517959344126e-4	0.2309769380733372	0.2338877411134001
mean_skew	[0.5,1.0)	non-cCRE	980225	979565	205153.035	246698.509443	971731	-188892.2386758631	1270950.02350537	11061	39341	12659	0.20943279414842303	0.20798307828270615	4.607839795554804e-4	0.20852965754849428	0.21033593074835177
mean_skew	[0.5,1.0)	pELS	79046	78971	14929.523	13674.780841	78929	14842.88599718642	274456.0389814463	6890	21373	20243	0.1890507021564878	0.13742362966934996	0.001319158222405228	0.18646515204057357	0.19163625227240205
mean_skew	[1.0,1.5)	Other cCREs	23107	23092	5278.003	7047.858627	22927	-5384.609001244767	35178.06356517144	336	923	1566	0.22856413476528667	0.2529771962243477	0.003309862199604674	0.2220768048540615	0.23505146467651183
mean_skew	[1.0,1.5)	PLS	3727	3724	594.125	325.030951	3724	3048.672004914376	27979.369480083056	753	1352	1497	0.15953947368421054	0.0618438251940286	0.004075147529636177	0.15155218452612362	0.16752676284229745
mean_skew	[1.0,1.5)	dELS	75500	75485	17670.426	23087.171904	75365	-8887.001986477291	183639.34996868137	3317	7135	14191	0.23409188580512683	0.251055436366383	0.001823704565512668	0.230517424856722	0.23766634675353165
mean_skew	[1.0,1.5)	non-cCRE	152273	152195	27095.078	27905.057914	150883	-36441.56995941722	206713.93752476756	1517	6824	2222	0.1780287000229968	0.15165746613295072	9.982324999743618e-4	0.17607216432304706	0.17998523572294656
mean_skew	[1.0,1.5)	pELS	14644	14615	2638.653	2330.116897	14627	2320.8770037000063	48006.28471395328	1222	4119	4030	0.18054416695176187	0.12684572938553665	0.00294603915876501	0.17476993020058246	0.18631840370294128
mean_skew	[1.5,Inf)	Other cCREs	6592	6590	1126.614	1044.569308	6550	-1630.276994159213	10402.583409095732	96	255	342	0.17095811836115327	0.1293011835545102	0.004429539132669083	0.16227622166112188	0.17964001506118465
mean_skew	[1.5,Inf)	PLS	821	817	130.861	74.659995	821	532.96800020081	4874.291246969352	138	277	332	0.16017258261933903	0.06580839542383661	0.00897490008903292	0.1425817784448345	0.17776338679384357
mean_skew	[1.5,Inf)	dELS	20982	20976	3825.131	3813.753021	20949	-3189.432994213538	48660.98806490829	810	2045	3633	0.18235750381388252	0.14856789893105601	0.0026613448541367144	0.17714126789977455	0.1875737397279905
mean_skew	[1.5,Inf)	non-cCRE	42349	42330	5854.89	3372.235668	41947	-12649.381987916076	61633.57712050998	371	1785	594	0.1383153791637137	0.06053566910836931	0.0011958633036710656	0.13597148708851842	0.14065927123890898
mean_skew	[1.5,Inf)	pELS	4265	4251	675.9159999999999	458.024594	4260	775.1930023320024	13229.274346676284	368	1201	1159	0.15900164667137143	0.08248302046787608	0.004404906816502919	0.15036802931102572	0.16763526403171713
