skew_type	skew_bin	ccre_class	n	n_MR	sum_MR	sum_MR_sq	n_phyloP	sum_phyloP	sum_phyloP_sq	n_conserved	n_tf_chip_peak	n_tf_footprint	phyloP_mean	phyloP_var	phyloP_se	phyloP_lci	phyloP_uci
HepG2_skew	(-Inf,-1.5)	Other cCREs	11556	11556	11235.878	25067.856648	11497	-5007.820999178688	24799.8383544222	188	422	1762	-0.43557632418706516	1.9675147957039971	0.013081776884902994	-0.46121660688147503	-0.4099360414926553
HepG2_skew	(-Inf,-1.5)	PLS	2402	2402	989.763	1481.731455	2398	6917.068006702349	50427.097292126266	1125	853	1548	2.8845154323195783	12.713687058985947	0.07281337627373921	2.7418012148230493	3.0272296498161073
HepG2_skew	(-Inf,-1.5)	dELS	35837	35835	30718.886	67024.773852	35806	-823.5440064760638	129973.26827850594	2608	3527	15166	-0.023000167750546384	3.629502209976457	0.010068056149102113	-0.04273355780278652	-0.003266777698306241
HepG2_skew	(-Inf,-1.5)	non-cCRE	60719	60695	69196.262	159064.95171	60400	-32316.409951079768	122939.81600262182	474	2536	1323	-0.535039899852314	1.7491886829055079	0.005381456822417898	-0.5455875552242531	-0.524492244480375
HepG2_skew	(-Inf,-1.5)	pELS	5022	5022	3426.006	6783.001956	5021	3449.074000386057	36340.50353366959	840	1252	2475	0.6869296953567132	6.767177725362875	0.03671205374985632	0.6149740700069949	0.7588853207064316
HepG2_skew	[-0.05,0.05)	Other cCREs	18989768	18975496	4709918.818999999	6387558.992514992	18904389	-436591.5625377595	29816900.65477528	576918	555010	688579	-0.023094719566856114	1.5767142366668108	2.887986587042296e-4	-0.023660764937916405	-0.022528674195795823
HepG2_skew	[-0.05,0.05)	PLS	805114	800453	168850.818	152984.763948	804429	179293.0919034885	3734150.218962664	88935	260039	268115	0.22288243201511693	4.59231769480389	0.002389307811855253	0.21819938870388064	0.2275654753263532
HepG2_skew	[-0.05,0.05)	dELS	43808023	43795997	11246129.465999989	15172829.502446046	43748398	2339213.644780633	99116286.42195264	2206260	2970093	4147457	0.053469698359712124	2.262739121023504	2.2742393285789543e-4	0.05302394745131065	0.0539154492681136
HepG2_skew	[-0.05,0.05)	non-cCRE	298342156	298179695	69826707.45299962	91479894.6860742	294785594	-29423331.298912425	335256834.6967356	4180676	6322109	1003583	-0.09981264993197878	1.127327867851278	6.184035777508613e-5	-0.09993385703321794	-0.09969144283073961
HepG2_skew	[-0.05,0.05)	pELS	6148105	6141876	1428679.647	1655394.428487	6142289	334910.1730318239	14469817.528018491	319200	1286956	787169	0.054525303682686356	2.3527969462075875	6.18909431118222e-4	0.05331224119769464	0.05573836616767807
HepG2_skew	[-0.2,-0.05)	Other cCREs	4402635	4399000	1996792.003	3768242.369457	4376834	-578883.2551653585	7382679.022120494	111648	156640	236415	-0.13226072891166504	1.669269880947609	6.175658051653398e-4	-0.1334711578897891	-0.13105029993354098
HepG2_skew	[-0.2,-0.05)	PLS	431469	430319	114046.782	123101.236	431114	229942.11900707765	2449135.710751441	68057	151323	186022	0.5333673204931356	5.396478646823739	0.003538010914103414	0.526432819101493	0.5403018218847783
HepG2_skew	[-0.2,-0.05)	dELS	12593340	12589841	5718563.852	10355834.665274002	12573897	-316939.3876030037	31663236.77491384	636687	1041919	1881577	-0.025206138367683758	2.5175369636313003	4.474587227787046e-4	-0.026083157464330018	-0.024329119271037498
HepG2_skew	[-0.2,-0.05)	non-cCRE	44212274	44186224	20108115.43099999	38852006.15403698	43677507	-7731343.610536332	59986480.17665458	651121	1322863	368472	-0.177009727467649	1.342062826370965	1.7529014591098605e-4	-0.17735329615363454	-0.17666615878166347
HepG2_skew	[-0.2,-0.05)	pELS	1989244	1987274	736103.468	1126155.892348	1986853	188073.7760062287	5754682.1046505375	134547	479353	416952	0.09465912979280737	2.887421511354112	0.0012055139091561174	0.09229632253086138	0.09702193705475336
HepG2_skew	[-0.5,-0.2)	Other cCREs	816552	816006	440674.888	878018.81569	811342	-157750.53380496005	1466481.7590692933	19356	32296	76067	-0.19443161306201337	1.769675226964003	0.00147687863045541	-0.19732629517770597	-0.19153693094632077
HepG2_skew	[-0.5,-0.2)	PLS	145494	145336	38138.505	40995.736153	145382	175031.83092714587	1264248.6377723897	37558	53674	77034	1.20394430484617	7.246614494059434	0.007060122874815536	1.1901064640115315	1.2177821456808084
HepG2_skew	[-0.5,-0.2)	dELS	2549562	2548981	1339908.153	2553660.241157	2545224	-104108.42022367191	7268760.884721668	144080	240324	599522	-0.04090344119954547	2.8541713209713535	0.0010589538024182107	-0.042978990652285165	-0.03882789174680577
HepG2_skew	[-0.5,-0.2)	non-cCRE	5198450	5195580	3095622.038	6356530.14576	5143990	-1386773.8141669442	8074681.761407025	72428	198562	85790	-0.26959107894201667	1.497052173439178	5.394713809514335e-4	-0.2706484428486815	-0.26853371503535184
HepG2_skew	[-0.5,-0.2)	pELS	432363	431976	173827.49	275999.236208	431749	115213.27901510918	1698127.7403200911	43562	114157	136872	0.26685245134351016	3.861935189943174	0.0029907962020099886	0.2609904907875706	0.2727144118994497
HepG2_skew	[-1.0,-0.5)	Other cCREs	198416	198341	123402.297	254846.306353	197208	-35582.48696146567	418986.6620866331	5812	8107	30790	-0.1804312551289282	2.092047793960494	0.0032570433332077416	-0.18681506006201537	-0.174047450195841
HepG2_skew	[-1.0,-0.5)	PLS	42560	42538	12339.965	14568.731173	42539	89107.824981277	589013.5641234501	16384	16224	26207	2.0947324803422034	9.458754734179339	0.014911569052570097	2.065505804999166	2.123959155685241
HepG2_skew	[-1.0,-0.5)	dELS	607068	606978	365289.353	724778.3200310001	605985	24884.189884230847	2156107.4523736625	44767	60079	206261	0.04106403604747782	3.5563407731940844	0.002422538832587842	0.03631585993560565	0.04581221215934999
HepG2_skew	[-1.0,-0.5)	non-cCRE	911804	911429	672152.143	1461963.019157	903155	-295266.67158789205	1552838.0391167442	11886	39111	21118	-0.32692801522207376	1.6124681861712253	0.0013361783545426744	-0.3295469247969774	-0.32430910564717014
HepG2_skew	[-1.0,-0.5)	pELS	98380	98305	45115.687	75949.156853	98220	51529.66399284254	557783.6095665351	14201	26646	40761	0.5246351455186575	5.403733868183576	0.007417319919009589	0.5100971984773988	0.5391730925599163
HepG2_skew	[-1.5,-1.0)	Other cCREs	36763	36759	26085.195	56710.232265	36489	-8964.862981725835	69128.18781115487	779	1519	5706	-0.24568672700610691	1.8341821959854319	0.007089902389072813	-0.2595829356886896	-0.2317905183235242
HepG2_skew	[-1.5,-1.0)	PLS	8533	8531	2819.719	3792.206009	8524	24357.590978622433	165390.86661443842	4181	3274	5615	2.857530616919572	11.23880143595223	0.03631100578025033	2.786361045590281	2.928700188248863
HepG2_skew	[-1.5,-1.0)	dELS	115633	115626	78394.638	164403.703694	115438	7485.477988370454	421534.4915281907	8882	11375	45888	0.06484414134314917	3.647436282435369	0.005621076035990082	0.05382683231260861	0.07586145037368973
HepG2_skew	[-1.5,-1.0)	non-cCRE	196483	196409	182303.25	418704.821222	194869	-71677.06684605747	320880.3789169809	1945	8970	4083	-0.3678218025753581	1.5113614907852988	0.002784920473230724	-0.37328024670289034	-0.3623633584478259
HepG2_skew	[-1.5,-1.0)	pELS	17814	17805	9429.464	17129.093593999998	17791	11886.3620190227	118719.3849749082	2948	4770	8103	0.6681109560464673	6.226980117058153	0.018708482398233098	0.6314423305459305	0.7047795815470042
HepG2_skew	[0.05,0.2)	Other cCREs	4263211	4259804	845875.591	853715.143595	4241014	-467398.3634650633	6901308.528366686	107036	141902	188588	-0.11020910646959979	1.6151322743796939	6.171193934980271e-4	-0.11141866048085593	-0.10899955245834365
HepG2_skew	[0.05,0.2)	PLS	314062	313005	53372.794	35291.992652	313824	86611.98394107062	1641324.653220586	40252	108391	114779	0.2759890382541508	5.153926560740946	0.004052528111605868	0.2680460831554033	0.28393199335289826
HepG2_skew	[0.05,0.2)	dELS	11414484	11411880	2291858.632	2295891.87277	11398594	-619164.1525724578	27137024.708709385	520968	883119	1343508	-0.054319344348299256	2.377784005262551	4.567310719210634e-4	-0.05521453724926454	-0.05342415144733397
HepG2_skew	[0.05,0.2)	non-cCRE	47328095	47304594	8853903.960999988	8415987.702578986	46768889	-6985421.927460616	58240695.2197366	607753	1279122	267820	-0.14936044188393308	1.2229786073576385	1.6170777573343674e-4	-0.14967738912437062	-0.14904349464349553
HepG2_skew	[0.05,0.2)	pELS	1735803	1734318	314966.984	263972.602156	1733949	34988.06602674548	4606757.220046044	99242	403070	285857	0.02017825554658498	2.6563952447874306	0.0012377364689329933	0.017752292067476316	0.022604219025693647
HepG2_skew	[0.2,0.5)	Other cCREs	690805	690291	162766.611	208748.877027	686221	-103630.97989992936	1091892.6818380884	14811	26635	37722	-0.15101691714466528	1.5683638639691648	0.0015117898022341198	-0.15398002515704415	-0.1480538091322864
HepG2_skew	[0.2,0.5)	PLS	81441	81276	13919.354	9714.089278	81388	44472.41396624665	502121.661818374	13470	29184	32832	0.5464247059301942	5.870972466055535	0.008493268105488375	0.529777900443437	0.5630715114169514
HepG2_skew	[0.2,0.5)	dELS	2062271	2061767	470682.148	570659.240408	2059027	-135296.13903600973	4974576.593716979	95224	180427	316229	-0.06570877362754822	2.4116676770202905	0.0010822502892627807	-0.06782998419450327	-0.06358756306059317
HepG2_skew	[0.2,0.5)	non-cCRE	5595775	5592748	1226259.07	1504784.359082	5538647	-945043.7776055206	7214107.896547076	71416	192693	53074	-0.170627190648821	1.2733902350383284	4.794892934520479e-4	-0.17156698966398704	-0.16968739163365498
HepG2_skew	[0.2,0.5)	pELS	343883	343577	67140.843	64527.309479	343438	37511.76204115865	1051916.4767714057	25020	87821	74732	0.10922426184976225	3.0509796039791177	0.0029805435988413467	0.10338239639603321	0.11506612730349129
HepG2_skew	[0.5,1.0)	Other cCREs	141322	141205	35347.13	48151.9655	140283	-25763.620978487303	225944.40005283052	2745	5491	8840	-0.18365461943704728	1.5769150143760862	0.0033527534780713243	-0.19022601625406707	-0.1770832226200275
HepG2_skew	[0.5,1.0)	PLS	17858	17816	3254.745	2411.496203	17852	11937.740992818732	116467.04225081611	3228	6336	7245	0.6687060829497385	6.077205883829465	0.01845051681950593	0.632543069983507	0.7048690959159701
HepG2_skew	[0.5,1.0)	dELS	442302	442207	110288.955	144038.064811	441641	-43591.41194812929	1092499.429206778	20074	39990	76163	-0.09870327245008793	2.4639906127089435	0.0023620268613630314	-0.10333284509835948	-0.09407369980181639
HepG2_skew	[0.5,1.0)	non-cCRE	1032679	1032136	225791.39	277192.447998	1023856	-189273.8086703789	1336241.2488612155	12058	39763	11818	-0.1848637002375128	1.2709332788650367	0.0011141455653614408	-0.18704742554562123	-0.18267997492940438
HepG2_skew	[0.5,1.0)	pELS	76553	76474	15545.787	15486.504543	76437	10561.479004803234	251443.99671492144	6118	20107	18205	0.1381723380666854	3.2705098705765026	0.006541177215646385	0.1253516307240185	0.15099304540935232
HepG2_skew	[1.0,1.5)	Other cCREs	23980	23962	5477.616	7281.892408	23794	-4692.3409932889035	37280.62124282405	423	953	1542	-0.19720690061733645	1.5279813062202272	0.008013556289206343	-0.2129134709441809	-0.181500330290492
HepG2_skew	[1.0,1.5)	PLS	2692	2688	488.869	347.764275	2689	1894.591003714245	17310.657235781055	485	952	1051	0.7045708455612663	5.943371893713296	0.04701333413359181	0.6124247106594263	0.7967169804631062
HepG2_skew	[1.0,1.5)	dELS	77287	77274	18397.845	24134.581649	77154	-6414.3539848747905	187456.3188462464	3593	7140	13730	-0.0831370244559555	2.422758007363767	0.005603711853134226	-0.09412029968809858	-0.07215374922381242
HepG2_skew	[1.0,1.5)	non-cCRE	168921	168840	30572.126	31758.94482	167473	-37063.622949160286	224996.98090202425	1736	7177	2116	-0.22131103490807644	1.2945112744202185	0.002780228676894135	-0.22676028311478894	-0.21586178670136394
HepG2_skew	[1.0,1.5)	pELS	14213	14189	2672.721	2473.408355	14198	1954.3809977447395	44222.40790512267	1111	3834	3534	0.1376518522147302	3.0959627907902965	0.014766728168304986	0.10870906500485242	0.16659463942460798
HepG2_skew	[1.5,Inf)	Other cCREs	6762	6761	1132.686	968.847586	6730	-1333.9319966671756	10382.184587459966	120	242	391	-0.1982068345716457	1.5036097709714267	0.01494720660476404	-0.22750335951698322	-0.16891030962630818
HepG2_skew	[1.5,Inf)	PLS	639	635	106.196	58.20881	639	317.3670016091781	3351.6674273489966	97	223	242	0.49666197434926146	5.0063374698063905	0.08851352398198555	0.3231754673445698	0.6701484813539531
HepG2_skew	[1.5,Inf)	dELS	21611	21606	3929.639	3882.779997	21582	-2220.4879932982144	50272.09318292966	918	1942	3552	-0.10288610848383906	2.3188747423365053	0.01036556074314402	-0.12320260754040133	-0.08256960942727679
HepG2_skew	[1.5,Inf)	non-cCRE	46278	46261	6368.042	3551.5909739999997	45866	-10798.993986487856	61756.16164819518	443	1747	545	-0.2354466050339654	1.2910405576429609	0.005305477896082132	-0.24584534171028638	-0.2250478683576444
HepG2_skew	[1.5,Inf)	pELS	3892	3887	632.638	443.430172	3889	425.8620030671591	11455.262548202392	290	1040	949	0.10950424352459735	2.93431812029595	0.02746847989203832	0.05566602293620225	0.16334246411299247
K562_skew	(-Inf,-1.5)	Other cCREs	27720	27718	16785.133	33878.863817	27498	-4114.476989477175	55733.82179505223	784	1214	5797	-0.14962822712477908	2.004516125307163	0.008537962113464494	-0.16636263286716949	-0.13289382138238867
K562_skew	(-Inf,-1.5)	PLS	7488	7487	2309.711	2775.734031	7483	22621.244988732866	152118.06367408446	3738	2879	5445	3.023018173023235	11.191343086973301	0.03867258763959111	2.9472199012496363	3.0988164447968334
K562_skew	(-Inf,-1.5)	dELS	77516	77506	44803.511	88253.834627	77308	15000.002987178745	313168.97242011223	6801	8346	37458	0.19402911713119916	4.013330423940195	0.007205103764406325	0.17990711375296276	0.20815112050943557
K562_skew	(-Inf,-1.5)	non-cCRE	127232	127157	111632.764	246286.574132	125827	-45240.15387980665	190017.2497047872	920	6382	3197	-0.3595424978725285	1.3808870326856448	0.0033127766362952083	-0.3660355400796671	-0.3530494556653899
K562_skew	(-Inf,-1.5)	pELS	12993	12992	5828.845	9874.035713	12979	12152.777010878899	100006.45798873072	2557	3772	7416	0.9363415525756144	6.82904206304971	0.02293819696745715	0.8913826865193983	0.9813004186318304
K562_skew	[-0.05,0.05)	Other cCREs	19691538	19675986	5066339.591	7083649.112620993	19600413	-556880.2755180191	31301023.940310456	598320	579202	707873	-0.028411660280730774	1.5961502261842964	2.853673423644299e-4	-0.028970980271765055	-0.027852340289696492
K562_skew	[-0.05,0.05)	PLS	775278	769945	168418.317	163716.793491	774637	161166.33992035172	3503833.0092880386	82382	244903	237906	0.20805401745637211	4.479912765206975	0.002404837083029626	0.20334053677363403	0.2127674981391102
K562_skew	[-0.05,0.05)	dELS	46604016	46592399	12516122.282999992	17452655.224613056	46539941	2155324.4745509583	106742993.3824164	2355728	3205964	4406695	0.04631128506482116	2.2914334985448686	2.2189152486432834e-4	0.04587637767608708	0.04674619245355525
K562_skew	[-0.05,0.05)	non-cCRE	305015868	304842950	73334727.49099976	98642764.82331796	301308114	-30646600.691104185	347721360.498521	4329689	6547325	1045603	-0.10171183339292411	1.1436938591659094	6.160975490630136e-5	-0.10183258851254046	-0.10159107827330777
K562_skew	[-0.05,0.05)	pELS	6478899	6472736	1566094.934	1885002.942854	6472897	315874.7740591614	15306157.299600946	335693	1351678	800559	0.04879959839607542	2.3622722715587288	6.041094479676112e-4	0.04761554387805891	0.04998365291409194
K562_skew	[-0.2,-0.05)	Other cCREs	3794408	3791560	1671951.373	3139049.890951	3772614	-524460.6983037713	6266123.52639993	93182	133428	200357	-0.1390178529538859	1.6416245520447086	6.596532908251388e-4	-0.1403107734039032	-0.13772493250386864
K562_skew	[-0.2,-0.05)	PLS	380547	379857	100375.168	107643.703858	380193	176400.8299417423	2124506.6829153625	57250	134742	166344	0.46397705886679214	5.37270838065328	0.0037591925909305412	0.4566090413885683	0.471345076345016
K562_skew	[-0.2,-0.05)	dELS	10360293	10357149	4669737.991	8487382.283433	10344572	-480421.0374391456	25885073.795922637	504624	842515	1546921	-0.046441847709034804	2.5001290198758044	4.916147982124227e-4	-0.04740541271353115	-0.04547828270453846
K562_skew	[-0.2,-0.05)	non-cCRE	39462481	39443915	16633371.497999985	31445447.22477799	39022000	-7046441.370340482	51693912.50325221	532575	1130698	306589	-0.1805761204023495	1.2921299459300766	1.8196938760959867e-4	-0.1809327804020643	-0.18021946040263467
K562_skew	[-0.2,-0.05)	pELS	1651046	1649307	606714.95	929914.039806	1648952	105820.18400666212	4748026.639043344	107550	399041	351956	0.0641742051961865	2.8753041860194766	0.0013204984367745922	0.0615860282601083	0.0667623821322647
K562_skew	[-0.5,-0.2)	Other cCREs	934359	933555	469809.035	903384.778187	928710	-182896.8576934932	1580752.24997662	20084	37143	75379	-0.19693645776775656	1.6633123946097326	0.0013382795786901647	-0.19955948574198928	-0.19431342979352384
K562_skew	[-0.5,-0.2)	PLS	169681	169474	43476.009	43825.554171	169583	167486.6029719647	1284062.6366893414	38601	62322	89361	0.9876379293441246	6.5964932300434524	0.006236851500217722	0.9754137004036979	0.9998621582845514
K562_skew	[-0.5,-0.2)	dELS	2716152	2715064	1355131.443	2514826.199375	2711671	-190423.89301352415	7239456.212905698	137770	248153	594989	-0.07022381882371577	2.6648094790085115	9.913216338026895e-4	-0.07216680922596905	-0.06828082842146249
K562_skew	[-0.5,-0.2)	non-cCRE	6815161	6810573	3621842.435	7001261.180355	6749794	-1777047.1530565007	9667859.623764502	78462	250104	94444	-0.26327427963823796	1.3630060676913158	4.493695445162896e-4	-0.2641550439454899	-0.26239351533098604
K562_skew	[-0.5,-0.2)	pELS	478900	478318	183447.504	279096.478524	478203	98821.7010202317	1738438.1782750762	43653	126280	147931	0.2066521979582556	3.592658450933438	0.0027409544447457614	0.2012799272465539	0.21202446866995728
K562_skew	[-1.0,-0.5)	Other cCREs	265519	265341	146029.312	284526.634776	264004	-49655.614917967345	504565.645848533	6827	11087	35257	-0.18808660064986646	1.8758350853415824	0.0026655821639625355	-0.19331114169123303	-0.18286205960849988
K562_skew	[-1.0,-0.5)	PLS	66434	66401	17812.489	18374.019599	66397	114989.46897344844	758199.7492562591	22250	25265	40558	1.7318473571614448	8.420018394379095	0.011261138284076535	1.7097755261246548	1.7539191881982348
K562_skew	[-1.0,-0.5)	dELS	786391	786114	419737.193	787175.806867	785041	-8342.77008341054	2434244.345295436	49340	77696	242114	-0.010627177540294762	3.1006772714722586	0.0019873854840153165	-0.014522453088964781	-0.006731901991624742
K562_skew	[-1.0,-0.5)	non-cCRE	1380720	1379709	902869.909	1805670.986047	1369643	-440393.5741314038	2144717.03171406	15612	60423	29880	-0.3215389514869231	1.46250870201576	0.0010333454660894444	-0.3235643086004584	-0.3195135943733878
K562_skew	[-1.0,-0.5)	pELS	143498	143291	57471.002	88007.12236000001	143283	64243.19600357826	698775.463806054	18568	39874	57751	0.4483657935943431	4.675890985935935	0.005712613682147055	0.43716907077733486	0.4595625164113513
K562_skew	[-1.5,-1.0)	Other cCREs	62210	62190	34354.607	67823.101567	61822	-5324.757992707776	149381.16731627783	2434	2686	12261	-0.08613047123528478	2.4089313243259096	0.006242243188006385	-0.0983652678837773	-0.07389567458679226
K562_skew	[-1.5,-1.0)	PLS	17763	17759	5024.809	5555.496571	17742	44235.81997553328	288143.01549941406	7856	6985	12163	2.49328260486604	10.0248359755612	0.023770447090073362	2.4466925285694963	2.539872681162584
K562_skew	[-1.5,-1.0)	dELS	184815	184781	98933.595	188308.812667	184452	30584.802953285533	722251.3538257565	15960	19121	75130	0.16581442843279298	3.8881868474843064	0.004591259913832234	0.15681555900168181	0.17481329786390415
K562_skew	[-1.5,-1.0)	non-cCRE	239673	239546	169933.463	359707.921847	237550	-71917.73781182666	379671.6051991246	2969	11340	7047	-0.30274779125163825	1.506630922145661	0.0025184070181890755	-0.30768386900728883	-0.2978117134959877
K562_skew	[-1.5,-1.0)	pELS	32016	31992	12854.472	19891.529862	31962	24452.744002623844	213221.24871489237	5575	9050	15691	0.7650567549785321	6.085964511057983	0.013799003798145165	0.7380107075341675	0.7921028024228967
K562_skew	[0.05,0.2)	Other cCREs	3774297	3771937	740105.343	736346.6073949999	3755576	-361262.57555983344	5988910.987097038	95858	125154	176304	-0.09619365326645858	1.5854189625198507	6.497312368105617e-4	-0.09746712649060728	-0.09492018004230988
K562_skew	[0.05,0.2)	PLS	295060	294298	48730.037	29936.119097	294818	83501.75398808917	1547417.6403407855	37972	102639	110059	0.2832315326339951	5.168519151138205	0.004187029946554671	0.27502495393874793	0.29143811132924224
K562_skew	[0.05,0.2)	dELS	9957325	9955022	1954904.564	1900065.875712	9943692	-258350.72857899545	23532229.703043405	469298	770144	1240070	-0.025981368749051704	2.3658737381820907	4.877777093076316e-4	-0.026937413059294663	-0.025025324438808744
K562_skew	[0.05,0.2)	non-cCRE	41993362	41976488	7893980.500999992	7620535.799336984	41519348	-5742193.914478938	50382712.80672434	549570	1124016	247622	-0.13830163986387595	1.1943482148680116	1.6960561262202058e-4	-0.1386340668646151	-0.1379692128631368
K562_skew	[0.05,0.2)	pELS	1536617	1535282	272108.023	216613.310731	1534927	84476.26301245096	4133176.118675195	91969	360384	267442	0.055036013447187365	2.6897237273510735	0.0013237621957519702	0.052441439543513504	0.057630587350861226
K562_skew	[0.2,0.5)	Other cCREs	800006	799374	164582.698	182677.100604	795045	-101674.94884848726	1244235.686094349	17969	30076	47626	-0.12788577860182412	1.54863492598719	0.0013956569077808762	-0.13062126614107464	-0.1251502910625736
K562_skew	[0.2,0.5)	PLS	104471	104296	16583.508	9604.97434	104407	54296.33794560494	634757.9649529645	17053	37764	43670	0.5200449964619703	5.8092583383918965	0.007459256415520941	0.5054248538875493	0.5346651390363913
K562_skew	[0.2,0.5)	dELS	2312498	2311771	464811.034	489504.355922	2308840	-80218.48816109326	5552298.33386523	110026	199991	370698	-0.03474406548790443	2.4035938484490345	0.001020313476652235	-0.03674387990214281	-0.03274425107366605
K562_skew	[0.2,0.5)	non-cCRE	6505091	6501311	1325961.677	1506377.022771	6437460	-1043411.1872843415	8178462.913572784	83401	220740	63971	-0.16208429835437294	1.244177608492217	4.3962655632439127e-4	-0.16294596640476874	-0.16122263030397713
K562_skew	[0.2,0.5)	pELS	396782	396440	69803.876	56986.087414	396291	57402.16302840331	1207425.9148693106	29833	102276	91491	0.14484851543033606	3.025842935153943	0.0027632239587138036	0.139432596471257	0.1502644343894151
K562_skew	[0.5,1.0)	Other cCREs	185851	185684	38842.777	45499.592295	184551	-30215.955974817625	285015.33254885324	3595	7338	12336	-0.16372686127313113	1.5175733888741763	0.002867587310066983	-0.16934733240086242	-0.15810639014539984
K562_skew	[0.5,1.0)	PLS	28641	28597	4502.571	2637.613923	28621	19989.61500124773	193732.71712214287	5336	10537	12327	0.6984247580883872	6.281323378777653	0.014814369562546812	0.6693885937457955	0.7274609224309789
K562_skew	[0.5,1.0)	dELS	576858	576675	117661.531	130179.350943	575917	-29348.65594935732	1409411.1501498283	27387	53381	105765	-0.05095987086569301	2.444654335758283	0.002060292022866835	-0.054998043230512	-0.046921698500874014
K562_skew	[0.5,1.0)	non-cCRE	1270976	1270070	253564.361	284875.714089	1259669	-231647.09965537747	1644524.346431946	15508	50906	16945	-0.18389521346907597	1.2717045710388197	0.0010047659182477492	-0.18586455466884155	-0.1819258722693104
K562_skew	[0.5,1.0)	pELS	105478	105369	18232.417	14751.974009	105333	21562.818986295595	360309.3503935287	9150	28652	27333	0.20471095465139696	3.3787947170268184	0.005663679594168609	0.1936101426468265	0.21581176665596744
K562_skew	[1.0,1.5)	Other cCREs	34527	34506	7603.594	9680.872094	34298	-6559.164991383676	52313.76881952174	593	1435	2515	-0.19124045108705104	1.4887421975045962	0.006588330105346799	-0.20415357809353077	-0.1783273240805713
K562_skew	[1.0,1.5)	PLS	5381	5370	881.8820000000001	571.639032	5377	4082.1300043101655	36666.7316896274	1041	1912	2219	0.759183560407321	6.243981714826945	0.0340769559645315	0.6923927267168393	0.8259743940978028
K562_skew	[1.0,1.5)	dELS	113476	113447	24260.435	29013.397759	113292	-6913.078991728254	275518.45277405216	5471	10821	21925	-0.06102001016601573	2.4282301032182474	0.0046296194889869765	-0.0700940643644302	-0.05194595596760125
K562_skew	[1.0,1.5)	non-cCRE	214668	214525	38608.692	39649.842886	212901	-43541.4759497327	284953.1032561265	2478	9439	3309	-0.20451513120996473	1.2966097350361268	0.0024678331192640453	-0.20935208412372225	-0.1996781782962072
K562_skew	[1.0,1.5)	pELS	21459	21431	3726.042	3120.873492	21434	4102.7839999975395	72211.41555162484	1871	5874	5867	0.19141476159361479	3.3325284435401117	0.012469106067329842	0.1669753137016483	0.21585420948558126
K562_skew	[1.5,Inf)	Other cCREs	11335	11330	2305.2509999999997	2794.744737	11270	-2554.4329939259924	17728.41409853156	190	454	697	-0.22665776343620164	1.5218237669075034	0.011620377135253756	-0.249433702621299	-0.2038818242511043
K562_skew	[1.5,Inf)	PLS	1520	1515	213.009	106.307843	1520	1113.4789987480035	9503.56604139788	293	525	638	0.7325519728605286	5.719476500412287	0.061341776034879746	0.6123220918321644	0.8527818538888929
K562_skew	[1.5,Inf)	dELS	38078	38064	8057.987	9772.604171	38020	-3865.2129888556674	91082.73481225426	1656	3803	7288	-0.10166262464112749	2.3853806548044454	0.007920868260030106	-0.1171875264307865	-0.08613772285146848
K562_skew	[1.5,Inf)	non-cCRE	68402	68367	10498.375	8861.733853	67940	-19876.644980281813	104260.69438760327	752	3280	1135	-0.2925617453677041	1.4490285173481772	0.0046182314558952595	-0.3016134790212588	-0.28351001171414936
K562_skew	[1.5,Inf)	pELS	7584	7545	1258.67	1055.669386	7573	1594.4730086486086	23518.14813123304	660	2125	2172	0.2105470762773813	3.0616001718249968	0.02010667501132954	0.17113799325517542	0.2499561592995872
SKNSH_skew	(-Inf,-1.5)	Other cCREs	17438	17431	14866.679	32501.089435	17319	-6569.273998489603	34867.76415406952	291	649	2504	-0.3793102372244127	1.869498283595696	0.010389655064681017	-0.3996739611511875	-0.35894651329763794
SKNSH_skew	(-Inf,-1.5)	PLS	6182	6181	2108.5950000000003	2671.684857	6175	19409.44899485783	137319.5792863247	3207	2456	3989	3.1432306064547095	12.360091537296077	0.044739627368273825	3.0555409368128927	3.2309202760965263
SKNSH_skew	(-Inf,-1.5)	dELS	53044	53041	42045.835	89042.762151	52964	-1441.7200035710105	187469.42239850055	3688	5195	21465	-0.027220753786930944	3.5388889921880113	0.008174159006658003	-0.043242105439980624	-0.011199402133881261
SKNSH_skew	(-Inf,-1.5)	non-cCRE	78388	78356	77768.396	175436.839522	77620	-36795.51196685621	154960.91288460582	749	2988	1900	-0.47404679163690044	1.7717069079746	0.00477759267355173	-0.48341087327706184	-0.46468270999673905
SKNSH_skew	(-Inf,-1.5)	pELS	7526	7526	4606.065	8658.309505	7522	6407.543999280896	60172.38939263826	1394	1977	3643	0.8518404678650486	7.274854954716784	0.031098934157920574	0.7908865569155243	0.9127943788145729
SKNSH_skew	[-0.05,0.05)	Other cCREs	17647528	17635234	4009740.9799999967	5087989.382529997	17574217	-213329.72164829067	27182141.338480905	535339	519702	640778	-0.012138789548819766	1.546558422514285	2.966505602906012e-4	-0.012720224646989345	-0.011557354450650188
SKNSH_skew	[-0.05,0.05)	PLS	723426	718791	142947.585	122443.585025	722790	186770.84086882303	3312039.216223597	80971	230530	235105	0.2584026354388177	4.5155323873495155	0.0024994727891778055	0.2535036687720292	0.2633016021056062
SKNSH_skew	[-0.05,0.05)	dELS	40890266	40879118	9471455.802999994	11914490.935529009	40838301	3005433.1987817152	90925892.67191188	2077104	2792864	3867874	0.07359349251041847	2.2210697395902077	2.3321005142305922e-4	0.07313640080962927	0.07405058421120767
SKNSH_skew	[-0.05,0.05)	non-cCRE	273884378	273753758	59538225.78699942	73169139.36130258	270813641	-24663957.17698816	302122585.7116434	3839602	5827622	917578	-0.09107354077850222	1.1073162777248802	6.394411396643661e-5	-0.09119887124187644	-0.090948210315128
SKNSH_skew	[-0.05,0.05)	pELS	5741840	5735965	1221571.708	1322744.032026	5736263	429319.88297736173	13316735.848564511	301232	1203651	734407	0.07484313096825612	2.3158991350701132	6.353971942993553e-4	0.07359775246742939	0.07608850946908285
SKNSH_skew	[-0.2,-0.05)	Other cCREs	4866354	4861963	2580140.426	5068083.731752	4835062	-680737.8329848853	8493988.329400983	129546	169122	252837	-0.140791955301687	1.7369265700778558	5.993626910844581e-4	-0.14196670617621254	-0.13961720442716147
SKNSH_skew	[-0.2,-0.05)	PLS	429616	428537	127460.311	151883.636553	429241	185582.03696268267	2357134.330203519	62736	149218	180216	0.4323492792223545	5.30448716402499	0.003515370487849346	0.42545915306616977	0.4392394053785392
SKNSH_skew	[-0.2,-0.05)	dELS	13577090	13573527	7316479.5	13805802.877354007	13554609	-772981.7994184522	34924983.988534115	678302	1102412	1960126	-0.05702722958799123	2.5733612493988276	4.357193843209711e-4	-0.05788123958126033	-0.05617321959472213
SKNSH_skew	[-0.2,-0.05)	non-cCRE	53541340	53504032	27722423.72999999	55450851.77569992	52789122	-9423160.390443616	74187208.31979115	819597	1506152	394688	-0.17850572302459616	1.3734860305993404	1.6130205632879275e-4	-0.1788218750550006	-0.17818957099419172
SKNSH_skew	[-0.2,-0.05)	pELS	2112016	2110033	911757.125	1475733.3646190001	2109525	97893.2821047623	6051818.226945067	135149	502984	424964	0.04640536713466885	2.8666540192237573	0.0011657228299533306	0.04412055038796032	0.04869018388137738
SKNSH_skew	[-0.5,-0.2)	Other cCREs	886950	886025	504017.746	992093.682566	880414	-181296.76282331877	1584344.6437636742	20394	34986	77449	-0.20592217164120377	1.7571430915395119	0.0014127330154970166	-0.20869112835157794	-0.2031532149308296
SKNSH_skew	[-0.5,-0.2)	PLS	154178	154039	40488.704	42998.532688	154073	155420.31997924455	1219024.615427454	35733	57115	79256	1.0087446858258393	6.894472672380702	0.006689401416407764	0.9956334590496801	1.0218559126019986
SKNSH_skew	[-0.5,-0.2)	dELS	2676537	2675486	1486100.287	2806141.939057	2670783	-159658.3581583878	7525635.851169992	146136	246464	604766	-0.05977960701351918	2.81419132571017	0.0010264965839355531	-0.06179154031803286	-0.05776767370900549
SKNSH_skew	[-0.5,-0.2)	non-cCRE	6578404	6566660	4330229.148	8756771.892154003	6487333	-2003378.07642365	10194804.959266284	79541	241083	91853	-0.30881381862525786	1.4761282643366755	4.770116132305626e-4	-0.30974876138718976	-0.30787887586332596
SKNSH_skew	[-0.5,-0.2)	pELS	453282	452836	191730.057	303378.008657	452674	101208.3120392927	1716289.2910263487	43060	118077	137255	0.2235788051429786	3.7414673672829304	0.0028749361606761736	0.21794393026805328	0.2292136800179039
SKNSH_skew	[-1.0,-0.5)	Other cCREs	228365	228220	150813.556	307953.986292	226825	-53634.97493350938	435331.9108939395	5200	9101	27796	-0.23645971534667423	1.8633363312018827	0.00286615825412162	-0.2420773855247526	-0.23084204516859586
SKNSH_skew	[-1.0,-0.5)	PLS	52740	52722	14571.654	16417.455232	52700	93984.5869779447	642031.0212096518	18090	20106	30253	1.7833887472095769	9.002447226361895	0.013069981849553734	1.7577715827844516	1.8090059116347021
SKNSH_skew	[-1.0,-0.5)	dELS	701840	701697	443091.079	865115.228165	700413	-20363.732088073524	2290659.3849299094	45148	67741	214121	-0.029073892243681263	3.2696003666092266	0.0021605794328207763	-0.03330862793200998	-0.024839156555352543
SKNSH_skew	[-1.0,-0.5)	non-cCRE	1222286	1220503	965227.591	2052359.711795	1207474	-442305.6943390965	2052872.577895856	13744	51829	24614	-0.36630659901504836	1.565958893720615	0.0011388100334065111	-0.36853866668052515	-0.3640745313495716
SKNSH_skew	[-1.0,-0.5)	pELS	115061	114956	54750.084	90563.35383	114875	46757.190002118245	584561.0222397493	14697	30962	43252	0.40702668119363	4.923042623842186	0.00654642257427162	0.3941956929480576	0.4198576694392024
SKNSH_skew	[-1.5,-1.0)	Other cCREs	47338	47326	33452.624	70780.052786	46928	-12617.245989823246	80903.08424932408	824	1945	6445	-0.2688639189785042	1.6517306038268884	0.005932716353761608	-0.28049204303187697	-0.25723579492513143
SKNSH_skew	[-1.5,-1.0)	PLS	14368	14363	4314.099	5264.051503	14358	35272.107987335294	235013.3393452744	6278	5697	8966	2.4566170767053417	10.333863378992245	0.026827758194900502	2.4040346706433366	2.5091994827673467
SKNSH_skew	[-1.5,-1.0)	dELS	144976	144955	99602.846	203180.881726	144699	-1684.1789887470673	475810.0999878272	9738	14334	53513	-0.011639188859266942	3.2881622241530937	0.004766985741915154	-0.020982480913420642	-0.0022958968051132404
SKNSH_skew	[-1.5,-1.0)	non-cCRE	231877	231750	209694.167	465601.516569	229539	-84996.34983586486	380575.59789972333	2310	10435	5084	-0.370291540155986	1.520890521880316	0.002574072258203293	-0.37533672178206445	-0.3652463585299075
SKNSH_skew	[-1.5,-1.0)	pELS	22546	22517	11855.726	20800.551152	22509	14086.015014072653	145243.7878393627	3671	6117	9749	0.6257947938190347	6.061348541758453	0.016409922434334586	0.5936313458477389	0.6579582417903305
SKNSH_skew	[0.05,0.2)	Other cCREs	4916008	4912197	855537.828	678241.460208	4890493	-538552.0855906137	8101020.489913989	127164	156610	214873	-0.1101222485321242	1.644356830211988	5.79858079062057e-4	-0.11125877036708583	-0.10898572669716257
SKNSH_skew	[0.05,0.2)	PLS	340789	339627	54856.489	30234.991509	340557	93275.33295681304	1776686.0660611624	43668	117323	127779	0.27389051746642423	5.141999661878716	0.003885716541595766	0.2662745130448965	0.28150652188795194
SKNSH_skew	[0.05,0.2)	dELS	12848625	12845957	2223308.695	1728535.9279810004	12830947	-760119.67792059	30981369.84470363	590186	964350	1483321	-0.059241120543993366	2.4110723794828592	4.3348669121504697e-4	-0.060090754458774855	-0.058391486629211876
SKNSH_skew	[0.05,0.2)	non-cCRE	59221030	59192793	9809476.543999985	7061976.270537979	58465408	-9095061.130920842	72851508.39471434	753225	1487219	306376	-0.15556311744067264	1.2218618837610213	1.4456446927956754e-4	-0.15584646380046058	-0.1552797710808847
SKNSH_skew	[0.05,0.2)	pELS	1925303	1923601	312682.627	206494.236811	1923386	17584.137951118602	5161833.28600391	109299	439718	313437	0.009142282386956442	2.683639794866462	0.0011812148177981654	0.006827101344072039	0.011457463429840846
SKNSH_skew	[0.2,0.5)	Other cCREs	757967	757182	160717.263	186939.938031	752368	-101707.3338691582	1198101.7328572082	16958	28791	40781	-0.13518296082390294	1.5741687691343056	0.0014464735216922458	-0.13801804892641975	-0.13234787272138612
SKNSH_skew	[0.2,0.5)	PLS	98146	97966	16014.694	9290.467076	98081	55077.480981676614	611782.6934566017	16601	35997	41507	0.5615509729884138	5.922245925995007	0.007770532413470459	0.5463207294580117	0.576781216518816
SKNSH_skew	[0.2,0.5)	dELS	2178374	2177729	442521.479	478716.152371	2174478	-101165.10396342946	5262775.612010089	102646	187042	330441	-0.04652385720316759	2.4180844502652135	0.0010545282607895587	-0.04859073259431512	-0.044456981812020055
SKNSH_skew	[0.2,0.5)	non-cCRE	6763308	6756065	1315407.609	1431204.601783	6684153	-1068605.6812593325	8426674.723340318	84831	226574	59592	-0.15987151719287881	1.235135752717242	4.2986704841152924e-4	-0.16071405660776542	-0.15902897777799221
SKNSH_skew	[0.2,0.5)	pELS	371639	371326	66770.339	56061.556467	371158	52324.15304861663	1154356.0743708797	28232	94682	80751	0.14097541491390897	3.0902816198666123	0.002885490285342543	0.13531985395463758	0.14663097587318036
SKNSH_skew	[0.5,1.0)	Other cCREs	172165	171984	39763.256	51786.71211	170800	-28879.40094884276	271165.5590048664	3420	6721	10223	-0.16908314372858757	1.5590403872589285	0.003021236687150306	-0.17500476763540218	-0.16316151982177296
SKNSH_skew	[0.5,1.0)	PLS	25812	25775	4416.023	2902.087743	25798	18839.093996377534	184230.66242564493	4980	9457	10808	0.7302540505611883	6.608262112876973	0.016004813254908084	0.6988846165815684	0.7616234845408082
SKNSH_skew	[0.5,1.0)	dELS	524062	523910	118825.16	146623.672808	523178	-34868.47797545873	1296490.362082764	24854	47309	89333	-0.0666474469023138	2.473668504250627	0.002174432913056192	-0.07090933541190395	-0.06238555839272367
SKNSH_skew	[0.5,1.0)	non-cCRE	1296258	1294511	271943.64	330770.003258	1282179	-230563.44457727345	1649695.998983668	15342	49616	14416	-0.17982157294517648	1.2542998848179618	9.890684790497767e-4	-0.18176014716411404	-0.17788299872623892
SKNSH_skew	[0.5,1.0)	pELS	91916	91825	17298.227	15736.109927	91806	19325.112008672317	322264.2532399529	8075	24217	21823	0.2104994445752164	3.4660021556099725	0.006144391525194958	0.1984564371858343	0.22254245196459851
SKNSH_skew	[1.0,1.5)	Other cCREs	31328	31292	7554.66	10474.303164	31100	-6122.085999486618	48398.74332561733	544	1211	2035	-0.19685163985487517	1.5175279159228856	0.006985349657443694	-0.21054292518346482	-0.1831603545262855
SKNSH_skew	[1.0,1.5)	PLS	5377	5370	876.3679999999999	487.383434	5375	4716.702001552678	43480.50017969252	1140	1971	2176	0.8775259537772424	7.320705574450499	0.03690517219552685	0.8051918162740098	0.949860091280475
SKNSH_skew	[1.0,1.5)	dELS	99580	99559	23616.795	30941.526719	99401	-7059.930983916274	246874.43841303457	4752	9168	18099	-0.07102474808016292	2.478601696111052	0.004993533807498598	-0.08081207434286017	-0.061237421817465665
SKNSH_skew	[1.0,1.5)	non-cCRE	209357	209212	45018.399	55928.860521	207447	-44414.11794058093	282986.3270714508	2352	8558	2745	-0.2140986273148367	1.318306091160944	0.0025208937993764858	-0.21903957916161462	-0.20915767546805877
SKNSH_skew	[1.0,1.5)	pELS	18146	18127	3441.434	3211.722374	18124	4534.000994647503	68017.09510627923	1731	4993	4724	0.2501655812540004	3.690495178063622	0.01426971483720614	0.22219694017307637	0.27813422233492446
SKNSH_skew	[1.5,Inf)	Other cCREs	10329	10327	2103.696	2466.96017	10275	-2153.040997465724	15520.944260593938	156	379	681	-0.20954170291637217	1.4667892138929537	0.011947937402111058	-0.23295966022450984	-0.1861237456082345
SKNSH_skew	[1.5,Inf)	PLS	1630	1628	272.988	154.080336	1630	1535.6710024651843	14199.753650491491	368	603	635	0.9421294493651438	7.828700291303222	0.06930283987180075	0.8062958832164143	1.0779630155138733
SKNSH_skew	[1.5,Inf)	dELS	33024	33013	7114.088	8545.842228	32973	-3064.803995774359	79766.76128905674	1507	3056	5994	-0.09294889745471625	2.4105875026305563	0.008550317053339614	-0.10970751887926189	-0.07619027603017062
SKNSH_skew	[1.5,Inf)	non-cCRE	67008	66971	11576.155	11397.990271	66330	-15073.42797759792	88578.85303786071	643	2577	896	-0.22724902725158933	1.2838039348189283	0.004399409138299483	-0.23587186916265632	-0.21862618534052233
SKNSH_skew	[1.5,Inf)	pELS	5997	5991	1077.343	932.818783	5992	1064.2479989884885	19974.96032123208	539	1628	1604	0.17761148180715763	3.302610191474116	0.023477008436891624	0.13159654527085005	0.22362641834346522
mean_skew	(-Inf,-1.5)	Other cCREs	13800	13799	12349.991	27056.601001	13708	-5564.988994104321	27139.501238684257	181	569	2101	-0.40596651547303186	1.8151529910339208	0.011507197577071448	-0.4285206227240919	-0.3834124082219718
mean_skew	(-Inf,-1.5)	PLS	4082	4082	1472.867	1990.296065	4079	13255.30400350865	93013.81926846816	2143	1552	2810	3.2496455022085438	12.24590000810676	0.05479217014608626	3.1422528487222148	3.3570381556948727
mean_skew	(-Inf,-1.5)	dELS	38651	38649	32402.074	69593.091282	38573	-2023.4070012718444	136764.84714195837	2617	3901	16974	-0.052456562913743926	3.5429510050113042	0.009583868908532618	-0.07124094597446785	-0.03367217985302
mean_skew	(-Inf,-1.5)	non-cCRE	73105	73072	78766.375	178300.267705	72451	-34751.47294242855	131579.95150642018	473	3249	1609	-0.4796548417886371	1.58607645618078	0.0046788580246703675	-0.488825403516991	-0.4704842800602832
mean_skew	(-Inf,-1.5)	pELS	5941	5941	3732.898	7149.402922	5938	5155.873997278048	47855.4968745778	1125	1594	3202	0.8682846071535951	7.306506795741586	0.03507799805310357	0.7995317309695121	0.9370374833376781
mean_skew	[-0.05,0.05)	Other cCREs	19253756	19239780	4667995.067999997	6235899.643675992	19169835	-354505.73551226984	30171411.943622947	588080	563508	691032	-0.018492894462172983	1.5735585454975711	2.8650503955682894e-4	-0.01905444433970437	-0.017931344584641597
mean_skew	[-0.05,0.05)	PLS	781434	776399	161500.537	146345.360561	780785	175674.34789312675	3565243.960793976	85050	248942	249971	0.22499708356734152	4.51561218577792	0.0024048754422811972	0.22028352770047038	0.22971063943421266
mean_skew	[-0.05,0.05)	dELS	44819964	44808536	11215260.910999987	14898848.858437045	44761226	2711511.2516023624	101146987.13927723	2272309	3052904	4197465	0.06057723377823392	2.25603144883315	2.2450271013860733e-4	0.06013720846636225	0.061017259090105594
mean_skew	[-0.05,0.05)	non-cCRE	300276644	300125299	69129009.32099964	89533144.2239522	296738718	-28551962.123907413	336980404.80875725	4248978	6385630	1006962	-0.09621920023226431	1.126355068280938	6.160990664980157e-5	-0.09633995564929793	-0.0960984448152307
mean_skew	[-0.05,0.05)	pELS	6263870	6257649	1423632.525	1628391.138129	6257937	379565.7980156528	14647973.521846903	325676	1308218	785102	0.0606535025864998	2.3370247836882982	6.111053216338087e-4	0.05945573615609753	0.061851269016902063
mean_skew	[-0.2,-0.05)	Other cCREs	4255063	4251281	2098108.723	4056990.916029	4228409	-635800.1861391333	7216805.810878036	105496	151532	230612	-0.15036392793108078	1.6841336970109893	6.31102337157642e-4	-0.15160088851190975	-0.1491269673502518
mean_skew	[-0.2,-0.05)	PLS	416240	415314	115861.465	130657.994247	415866	199504.20497920184	2330956.257092432	63299	146053	179539	0.4797319448553184	5.3749358970602135	0.003595091406668666	0.4726855656982478	0.48677832401238896
mean_skew	[-0.2,-0.05)	dELS	12036621	12032884	5990088.542	11137597.217528004	12016417	-602183.289455111	30699900.05560243	600117	994181	1824098	-0.05011338150591071	2.5523186459824196	4.6087160467127704e-4	-0.05101668985106641	-0.04921007316075501
mean_skew	[-0.2,-0.05)	non-cCRE	43081688	43048644	21153993.456999995	41709995.77638897	42528544	-8231279.698026931	59172960.31490241	612380	1279466	357094	-0.1935471785261901	1.3539099929590672	1.784245621089618e-4	-0.19389689066792368	-0.19319746638445653
mean_skew	[-0.2,-0.05)	pELS	1900109	1898261	762262.329	1204663.754689	1897808	125413.6210439668	5539558.101923968	125848	458154	402012	0.06608340835530613	2.9145589316464746	0.0012392538705943718	0.06365447076894117	0.06851234594167109
mean_skew	[-0.5,-0.2)	Other cCREs	805541	804859	460422.323	916458.223371	800188	-175676.79075352487	1435819.4441845398	17738	32766	75206	-0.2195443955089615	1.746155072943703	0.001477220710874952	-0.2224397481022764	-0.21664904291564657
mean_skew	[-0.5,-0.2)	PLS	154255	154097	40628.936	42898.657418	154158	169009.89595559266	1253718.5213320043	37558	57187	81874	1.0963420383995164	6.930764528956581	0.006705135186843549	1.083199973433303	1.1094841033657297
mean_skew	[-0.5,-0.2)	dELS	2449358	2448537	1366019.904	2609049.365108	2444992	-175907.00913036492	6925578.240593849	132386	231387	591056	-0.07194584241190356	2.8273815579017696	0.0010753590372185962	-0.07405354612485202	-0.06983813869895511
mean_skew	[-0.5,-0.2)	non-cCRE	5383911	5379211	3520804.888	7159648.814744	5330181	-1671147.209556833	8426497.557637658	64992	208949	87573	-0.3135254149074549	1.4826047967216711	5.274019388262282e-4	-0.3145591227075543	-0.31249170710735547
mean_skew	[-0.5,-0.2)	pELS	427926	427421	179838.229	285013.803037	427303	102303.23599986744	1661649.771738611	42214	114081	139039	0.23941614264320035	3.831380909978436	0.002994399175686836	0.23354712025885416	0.24528516502754655
mean_skew	[-1.0,-0.5)	Other cCREs	201190	201098	128908.802	263296.8298	199944	-39538.4009736717	424587.0289559355	5729	8358	31716	-0.19774737413311577	2.0844361342281035	0.0032287922972926352	-0.20407580703580933	-0.19141894123042222
mean_skew	[-1.0,-0.5)	PLS	53007	52994	14880.256	16471.118376	52977	102774.3559716857	677338.2470084938	19402	20257	32731	1.9399806703227003	9.022160658006628	0.013050032628523915	1.9144026063707935	1.965558734274607
mean_skew	[-1.0,-0.5)	dELS	615734	615611	380846.462	745203.94851	614635	5062.622893198966	2146066.768785348	43293	61958	215794	0.00823679564814722	3.49154955468642	0.0023834193534099527	0.0035652937154637123	0.012908297580830726
mean_skew	[-1.0,-0.5)	non-cCRE	915473	914992	702962.434	1510588.37472	907472	-318128.3105041496	1562767.0047608542	11188	41104	23240	-0.35056542846958316	1.5992160821455037	0.0013275074204592084	-0.3531673430136832	-0.34796351392548314
mean_skew	[-1.0,-0.5)	pELS	106887	106801	48339.677	78691.864137	106711	56482.23901360098	594276.9656291849	15441	29816	46167	0.5293010000243741	5.288921938296974	0.00704010252280223	0.5155023990796818	0.5430996009690664
mean_skew	[-1.5,-1.0)	Other cCREs	41531	41519	28017.886	58924.936298	41156	-8177.02798378037	81782.47384873174	1056	1790	7099	-0.19868373952231436	1.9477057793885466	0.006879313434738892	-0.21216719385440258	-0.18520028519022613
mean_skew	[-1.5,-1.0)	PLS	12488	12484	3734.4	4474.651794	12471	34667.54797589255	229699.88482884175	5986	5002	8467	2.7798530972570403	10.691996328287873	0.02928051835906429	2.7224632812732743	2.8372429132408064
mean_skew	[-1.5,-1.0)	dELS	123550	123532	81675.89	166782.881494	123277	10906.66699808242	464089.6376422137	9652	12780	52160	0.08847284568964545	3.75681149433713	0.005520376182467098	0.07765290837200993	0.09929278300728096
mean_skew	[-1.5,-1.0)	non-cCRE	194394	194316	168252.253	377884.552397	192343	-67118.15683932623	308199.29107094585	1844	9057	4682	-0.3489503482805521	1.480583475610705	0.00277445864809671	-0.35438828723082166	-0.34351240933028254
mean_skew	[-1.5,-1.0)	pELS	20503	20485	10170.348	17591.603004	20470	15736.004017203477	145111.3701435394	3673	5733	10109	0.7687349300050551	6.498341599336324	0.01781731865713151	0.7338129854370774	0.8036568745730328
mean_skew	[0.05,0.2)	Other cCREs	4175553	4172266	779122.926	707585.695018	4153187	-472633.8465766834	6779121.265738587	104552	138047	189512	-0.11380028074264015	1.619319578104541	6.244181818105891e-4	-0.1150241403789889	-0.11257642110629139
mean_skew	[0.05,0.2)	PLS	313963	313022	51076.427	30089.251579	313720	86324.60595887485	1640181.6259570287	40148	109027	116234	0.27516449687260885	5.152471349171165	0.004052627523200882	0.2672213469271351	0.2831076468180826
mean_skew	[0.05,0.2)	dELS	11150681	11148116	2075569.804	1840973.8854980003	11134829	-625822.7076987294	26637324.95422929	509217	860464	1341812	-0.05620406992318691	2.3890940363880135	4.6320671451373574e-4	-0.057111955083633835	-0.05529618476273999
mean_skew	[0.05,0.2)	non-cCRE	46523755	46499324	8207783.258999991	6971771.180948983	45962942	-7068293.57159667	57314339.16248618	591546	1247765	268865	-0.15378244437870556	1.2233194498902877	1.631420933911197e-4	-0.15410220288175216	-0.15346268587565895
mean_skew	[0.05,0.2)	pELS	1700743	1699282	289315.886	213072.229398	1698953	41004.2370044001	4556654.496905348	98582	395931	286391	0.02413500373724294	2.681455897218994	0.0012563037231870038	0.02167264843979641	0.026597359034689468
mean_skew	[0.2,0.5)	Other cCREs	667583	666974	144814.014	171977.746984	662930	-99780.71989298672	1044299.4915694668	14037	25934	38311	-0.15051471481602388	1.552626337014426	0.0015303812563798964	-0.15351426207852847	-0.1475151675535193
mean_skew	[0.2,0.5)	PLS	90126	89984	14702.7	9000.873186	90065	49253.06397302752	556200.0747032574	15079	32706	37790	0.5468613109757122	5.876548671715635	0.008077614857465712	0.5310291858550794	0.562693436096345
mean_skew	[0.2,0.5)	dELS	1965695	1965104	410725.89	456709.371276	1962468	-120462.2980002238	4755142.694265989	91144	173052	313389	-0.06138306357108692	2.4192755085155175	0.00111030264014932	-0.06355925674577959	-0.05920687039639425
mean_skew	[0.2,0.5)	non-cCRE	5469817	5465663	1097316.176	1242129.829532	5413034	-927647.2686759564	6956406.747256499	67586	191483	54242	-0.17137288786214097	1.2557531343160244	4.8165021438323303e-4	-0.1723169222823321	-0.17042885344194983
mean_skew	[0.2,0.5)	pELS	341338	341026	62004.751	53277.346503	340898	46903.91304374405	1072494.9119457202	26040	88786	78155	0.13758928783314672	3.1271657889434157	0.0030287486006901304	0.13165294057579408	0.14352563509049937
mean_skew	[0.5,1.0)	Other cCREs	138054	137923	32564.364	43028.278932	136967	-26907.176962325335	219236.9332939707	2535	5535	8905	-0.19645007164006903	1.5620739194551194	0.0033770914321069206	-0.2030691708469986	-0.18983097243313946
mean_skew	[0.5,1.0)	PLS	22121	22082	3744.936	2420.061784	22112	15838.655993747749	153735.72575786046	4216	8118	9445	0.7162923296738309	6.439809052381009	0.01706563616182179	0.6828436827966602	0.7497409765510017
mean_skew	[0.5,1.0)	dELS	430682	430562	100076.533	125478.202031	430015	-45979.97994193973	1053573.761858926	19199	40128	78481	-0.10692645591883941	2.4386584752136327	0.0023814073466048736	-0.11159401431818497	-0.10225889751949385
mean_skew	[0.5,1.0)	non-cCRE	980225	979565	205153.035	246698.509443	971731	-188892.2386758631	1270950.02350537	11061	39341	12659	-0.1943873753907852	1.2701385744985532	0.0011432797837535034	-0.19662820376694207	-0.19214654701462835
mean_skew	[0.5,1.0)	pELS	79046	78971	14929.523	13674.780841	78929	14842.88599718642	274456.0389814463	6890	21373	20243	0.18805364311199205	3.441931636369595	0.006603631337603603	0.17511052569028898	0.2009967605336951
mean_skew	[1.0,1.5)	Other cCREs	23107	23092	5278.003	7047.858627	22927	-5384.609001244767	35178.06356517144	336	923	1566	-0.23485885642451113	1.4792567588260475	0.008032452493043227	-0.2506024633108759	-0.2191152495381464
mean_skew	[1.0,1.5)	PLS	3727	3724	594.125	325.030951	3724	3048.672004914376	27979.369480083056	753	1352	1497	0.8186552107718518	6.844898806695039	0.0428724872489909	0.7346251357638296	0.902685285779874
mean_skew	[1.0,1.5)	dELS	75500	75485	17670.426	23087.171904	75365	-8887.001986477291	183639.34996868137	3317	7135	14191	-0.11791948499273258	2.4227933664787775	0.005669873065443025	-0.1290324362010009	-0.10680653378446425
mean_skew	[1.0,1.5)	non-cCRE	152273	152195	27095.078	27905.057914	150883	-36441.56995941722	206713.93752476756	1517	6824	2222	-0.24152203998738903	1.3117038162791186	0.0029484769417529983	-0.2473010547932249	-0.23574302518155316
mean_skew	[1.0,1.5)	pELS	14644	14615	2638.653	2330.116897	14627	2320.8770037000063	48006.28471395328	1222	4119	4030	0.15867074613386248	3.2570784512574376	0.014922324467132745	0.1294229901782823	0.18791850208944266
mean_skew	[1.5,Inf)	Other cCREs	6592	6590	1126.614	1044.569308	6550	-1630.276994159213	10402.583409095732	96	255	342	-0.24889725101667373	1.5264638795012642	0.015265907131072957	-0.27881842899357673	-0.21897607303977074
mean_skew	[1.5,Inf)	PLS	821	817	130.861	74.659995	821	532.96800020081	4874.291246969352	138	277	332	0.649169305969318	5.522322902652606	0.08201425043765821	0.4884213751115079	0.8099172368271281
mean_skew	[1.5,Inf)	dELS	20982	20976	3825.131	3813.753021	20949	-3189.432994213538	48660.98806490829	810	2045	3633	-0.1522475055713179	2.2997615451285287	0.010477550325362031	-0.17278350420902747	-0.1317115069336083
mean_skew	[1.5,Inf)	non-cCRE	42349	42330	5854.89	3372.235668	41947	-12649.381987916076	61633.57712050998	371	1785	594	-0.3015562969441456	1.3784169248462792	0.0057324443251031785	-0.3127918878213478	-0.2903207060669434
mean_skew	[1.5,Inf)	pELS	4265	4251	675.9159999999999	458.024594	4260	775.1930023320024	13229.274346676284	368	1201	1159	0.18197018834084563	3.0730716905474114	0.026858487133761197	0.1293275535586737	0.23461282312301757
