skew_type	skew_bin	ccre_class	mut_class	n	n_MR	sum_MR	sum_MR_sq	n_phyloP	sum_phyloP	sum_phyloP_sq	n_conserved	n_tf_chip_peak	n_tf_footprint	total	prop
HepG2_skew	(-Inf,-1.5)	PLS	CpG transition	745	745	822.058	1457.0233540000002	745	1559.4830004260878	13304.596304373634	275	251	426	2402	0.31015820149875106
HepG2_skew	(-Inf,-1.5)	PLS	non-CpG transition	679	679	96.819	16.573147	676	2271.9640045268466	14983.504629438992	355	248	451	2402	0.2826810990840966
HepG2_skew	(-Inf,-1.5)	PLS	non-CpG transversion	978	978	70.886	8.134954	977	3085.6210017494177	22138.99635831363	495	354	671	2402	0.4071606994171524
HepG2_skew	(-Inf,-1.5)	dELS	CpG transition	13226	13226	28477.743000000002	66692.894643	13216	-10226.427000073136	46943.11372587776	345	1344	4415	35835	0.3690805078833543
HepG2_skew	(-Inf,-1.5)	dELS	non-CpG transition	11518	11518	1579.999	265.198997	11508	7349.822994963615	44251.935861547565	1346	1082	5711	35835	0.32141760848332634
HepG2_skew	(-Inf,-1.5)	dELS	non-CpG transversion	11091	11091	661.144	66.680212	11080	2052.6669986118804	38777.753386048375	917	1101	5039	35835	0.3095018836333194
HepG2_skew	(-Inf,-1.5)	non-cCRE	CpG transition	28895	28895	65689.587	158505.422111	28841	-28279.810968330734	83327.74116801748	94	1154	469	60695	0.47606886893483813
HepG2_skew	(-Inf,-1.5)	non-cCRE	non-CpG transition	16106	16106	2454.65	443.864196	15954	1530.2490145500046	11500.139186712957	205	675	426	60695	0.26535958480929234
HepG2_skew	(-Inf,-1.5)	non-cCRE	non-CpG transversion	15694	15694	1052.025	115.665403	15581	-5546.755997052998	28037.16828568309	175	704	428	60695	0.25857154625586953
HepG2_skew	(-Inf,-1.5)	pELS	CpG transition	1786	1786	3106.37	6735.770852000001	1786	-253.1150024211966	9811.286608787444	163	426	738	5022	0.3556352050975707
HepG2_skew	(-Inf,-1.5)	pELS	non-CpG transition	1582	1582	221.329	37.826557	1582	2089.238999491326	13362.51528116549	351	392	868	5022	0.31501393866985267
HepG2_skew	(-Inf,-1.5)	pELS	non-CpG transversion	1654	1654	98.307	9.404547	1653	1612.950003315928	13166.701643716648	326	434	869	5022	0.32935085623257665
HepG2_skew	[-0.05,0.05)	PLS	CpG transition	102351	102351	90718.512	139575.289362	102256	-26901.25298965337	481571.6571784939	8377	35574	45357	800453	0.1278663456817577
HepG2_skew	[-0.05,0.05)	PLS	non-CpG transition	375131	375131	53976.547	9959.200621	374882	133857.96594931747	1698535.5052231231	44141	115665	110116	800453	0.468648377856039
HepG2_skew	[-0.05,0.05)	PLS	non-CpG transversion	322971	322971	24155.759	3450.273965	322632	72835.12694189524	1542724.6759552783	36219	106582	112303	800453	0.4034852764622033
HepG2_skew	[-0.05,0.05)	dELS	CpG transition	3439486	3439486	6743134.32	14337567.125098001	3433931	-2760015.8808443514	11901401.273527876	69064	299216	443783	43795997	0.07853425508271909
HepG2_skew	[-0.05,0.05)	dELS	non-CpG transition	24623267	24623267	3582360.915999992	711112.064374	24594573	2996638.090270299	52527901.9386195	1283134	1619468	2209880	43795997	0.5622264290501253
HepG2_skew	[-0.05,0.05)	dELS	non-CpG transversion	15733244	15733244	920634.2300000006	124150.31297399996	15708997	2105462.8453581273	34676033.81913172	854029	1050429	1492615	43795997	0.35923931586715563
HepG2_skew	[-0.05,0.05)	non-cCRE	CpG transition	17148487	17148487	37072944.811	84862732.92111893	16981934	-13731198.207667504	41207578.16639429	89771	546750	106107	298179695	0.05751057931694511
HepG2_skew	[-0.05,0.05)	non-cCRE	non-CpG transition	169828402	169828402	25920344.789000217	5488061.027434892	168102794	-10239021.320740849	176670998.10087416	2406510	3481673	520357	298179695	0.5695505255647941
HepG2_skew	[-0.05,0.05)	non-cCRE	non-CpG transversion	111202806	111202806	6833417.852999997	1129100.7375210056	109608125	-5426857.182517866	117281421.67084388	1684084	2288334	374053	298179695	0.37293889511826084
HepG2_skew	[-0.05,0.05)	pELS	CpG transition	551565	551565	812346.0029999999	1544640.487155	550992	-362374.1378806477	1799682.8987599039	15038	130831	100878	6141876	0.08980399474036922
HepG2_skew	[-0.05,0.05)	pELS	non-CpG transition	3316664	3316664	475898.374	91458.76156	3314142	444783.0128972807	7341659.1550667165	179130	668665	382213	6141876	0.5400082971391803
HepG2_skew	[-0.05,0.05)	pELS	non-CpG transversion	2273647	2273647	140435.27	19295.179772	2271159	254089.93801053544	5317012.917812408	124917	484894	303543	6141876	0.3701877081204505
HepG2_skew	[-0.2,-0.05)	PLS	CpG transition	83577	83577	73873.001	116163.19596099999	83496	740.6230174676857	422589.5366504326	9356	29303	39725	430319	0.194221031374399
HepG2_skew	[-0.2,-0.05)	PLS	non-CpG transition	171107	171107	26001.589	4878.573575	170999	134839.1409942531	1013480.6734469738	30783	58992	68576	430319	0.39762827111979715
HepG2_skew	[-0.2,-0.05)	PLS	non-CpG transversion	175635	175635	14172.192	2059.466464	175471	94515.8259976993	1009632.2046977116	27857	62427	77606	430319	0.40815069750580385
HepG2_skew	[-0.2,-0.05)	dELS	CpG transition	2282724	2282724	4614225.945	10169934.708803	2278969	-1947511.4277933778	8293575.257932481	45955	217807	378793	12589841	0.18131476005137792
HepG2_skew	[-0.2,-0.05)	dELS	non-CpG transition	5844845	5844845	824312.064	148727.70256	5837138	1190852.9194384925	12857458.004128989	344510	465996	839303	12589841	0.4642508988000722
HepG2_skew	[-0.2,-0.05)	dELS	non-CpG transversion	4462272	4462272	280025.843	37172.253911	4454580	440629.3187531148	10508712.30949216	246205	357825	662930	12589841	0.3544343411485498
HepG2_skew	[-0.2,-0.05)	non-cCRE	CpG transition	7378352	7378352	16290735.708999999	38183014.216301	7326500	-6618876.041429892	19733487.689862587	33846	292592	74682	44186224	0.16698308504478682
HepG2_skew	[-0.2,-0.05)	non-cCRE	non-CpG transition	20134030	20134030	2786883.857999996	521584.377074	19909725	-1834.3690599819856	21018700.499730416	348000	560716	157054	44186224	0.4556630591471224
HepG2_skew	[-0.2,-0.05)	non-cCRE	non-CpG transversion	16673842	16673842	1030495.8640000008	147407.5606619999	16425802	-1105876.9490460318	19217423.397097524	269220	468451	136125	44186224	0.3773538558080908
HepG2_skew	[-0.2,-0.05)	pELS	CpG transition	373279	373279	558984.62	1096030.038916	372824	-228880.820937141	1283793.3673422164	12795	92499	83857	1987274	0.1878346921461258
HepG2_skew	[-0.2,-0.05)	pELS	non-CpG transition	879090	879090	126444.618	22932.170856	878270	282754.4499710128	2370068.652280529	68403	205969	173562	1987274	0.44235973499376535
HepG2_skew	[-0.2,-0.05)	pELS	non-CpG transversion	734905	734905	50674.23	7193.682576	733899	134771.28197255824	2097561.0060535604	53334	180115	159200	1987274	0.3698055728601089
HepG2_skew	[-0.5,-0.2)	PLS	CpG transition	27250	27250	24014.407	38349.735245	27231	17391.683988584442	205084.52519604622	5418	9894	14841	145336	0.18749655969615237
HepG2_skew	[-0.5,-0.2)	PLS	non-CpG transition	53705	53705	8826.979	1849.853609	53674	80288.74196349121	511787.7694340072	15625	19606	27299	145336	0.3695230362745638
HepG2_skew	[-0.5,-0.2)	PLS	non-CpG transversion	64381	64381	5297.119	796.147299	64319	77367.7929747716	546926.4920883557	16506	24097	34861	145336	0.44298040402928385
HepG2_skew	[-0.5,-0.2)	dELS	CpG transition	545259	545259	1118299.932	2512972.6789059998	544259	-469304.1070019143	2003753.1071170429	11545	57770	132270	2548981	0.21391253995223974
HepG2_skew	[-0.5,-0.2)	dELS	non-CpG transition	1053650	1053650	159575.077	32153.415909	1052168	261010.12581582656	2729013.3355690097	73545	94766	243945	2548981	0.41336126083325064
HepG2_skew	[-0.5,-0.2)	dELS	non-CpG transversion	950072	950072	62033.144	8534.146342	948247	104371.07196348946	2535283.2225859263	58988	87730	223170	2548981	0.37272619921450967
HepG2_skew	[-0.5,-0.2)	non-cCRE	CpG transition	1193368	1193368	2647605.631	6268941.434799	1185343	-1080215.7670888854	3218815.573239527	5286	55051	19190	5195580	0.2296890818734386
HepG2_skew	[-0.5,-0.2)	non-cCRE	non-CpG transition	2020149	2020149	315725.079	68244.253759	2001294	-74277.91564078839	2332548.0413990594	35696	72224	32654	5195580	0.3888206898941023
HepG2_skew	[-0.5,-0.2)	non-cCRE	non-CpG transversion	1982063	1982063	132291.328	19344.457202	1955306	-231597.84643759803	2521257.184414472	31445	71140	33888	5195580	0.38149022823245915
HepG2_skew	[-0.5,-0.2)	pELS	CpG transition	89214	89214	134336.28	268593.140222	89109	-43831.62497324556	343241.6944413385	4533	23244	27043	431976	0.20652536252014
HepG2_skew	[-0.5,-0.2)	pELS	non-CpG transition	171477	171477	26893.273	5487.853229	171288	93697.30198824972	682744.3071967318	20477	44306	53262	431976	0.3969595533085171
HepG2_skew	[-0.5,-0.2)	pELS	non-CpG transversion	171285	171285	12597.937	1918.242757	170988	65458.75899821217	671491.7110905701	18545	46434	56503	431976	0.39651508417134285
HepG2_skew	[-1.0,-0.5)	PLS	CpG transition	8999	8999	8354.64	13794.780434	8996	13571.593005467903	112294.9606065674	2830	3416	5513	42538	0.2115520240725939
HepG2_skew	[-1.0,-0.5)	PLS	non-CpG transition	15135	15135	2594.721	601.187157	15129	37875.26899894222	235153.2238099765	6625	5656	9255	42538	0.3557995204287931
HepG2_skew	[-1.0,-0.5)	PLS	non-CpG transversion	18404	18404	1390.604	172.763582	18392	37670.472976782825	241406.17859822657	6929	7136	11433	42538	0.432648455498613
HepG2_skew	[-1.0,-0.5)	dELS	CpG transition	151464	151464	314478.61699999997	715171.248795	151216	-121022.46199176928	581087.0051674129	4220	16261	50663	606978	0.24953787451934006
HepG2_skew	[-1.0,-0.5)	dELS	non-CpG transition	239321	239321	37250.169	8027.201335	238948	101821.55688981258	868951.0966827724	23581	22684	81384	606978	0.3942828240891762
HepG2_skew	[-1.0,-0.5)	dELS	non-CpG transversion	216193	216193	13560.567	1579.869901	215736	44126.883986490095	705930.4971491552	16966	21120	74188	606978	0.35617930139148374
HepG2_skew	[-1.0,-0.5)	non-cCRE	CpG transition	261494	261494	595803.2559999999	1446187.322756	260018	-238897.77280167514	728427.7704452327	1260	12463	5659	911429	0.2869055077246829
HepG2_skew	[-1.0,-0.5)	non-cCRE	non-CpG transition	332542	332542	56254.966	13475.345272	329208	-10647.558912888282	397447.52127173386	5831	12947	7686	911429	0.3648578221671683
HepG2_skew	[-1.0,-0.5)	non-cCRE	non-CpG transversion	317393	317393	20093.921	2300.351129	313638	-45632.98587289825	426439.81618279166	4787	13678	7768	911429	0.34823667010814885
HepG2_skew	[-1.0,-0.5)	pELS	CpG transition	23429	23429	36496.55	74296.174666	23405	-7669.325997173441	112331.57822214648	1755	6166	9084	98305	0.23832968821524847
HepG2_skew	[-1.0,-0.5)	pELS	non-CpG transition	37061	37061	6000.97	1326.156826	37014	33612.77898899956	233504.3967091975	6622	9848	15416	98305	0.37700015258633846
HepG2_skew	[-1.0,-0.5)	pELS	non-CpG transversion	37815	37815	2618.167	326.825361	37728	25592.882000824673	211738.73965055693	5819	10609	16254	98305	0.3846701591984131
HepG2_skew	[-1.5,-1.0)	PLS	CpG transition	2039	2039	2081.986	3660.690502	2038	4678.838999157772	36541.17537753731	860	778	1350	8531	0.23901066697925213
HepG2_skew	[-1.5,-1.0)	PLS	non-CpG transition	3034	3034	490.161	103.669335	3029	9832.138990485457	63638.60512938555	1623	1149	1986	8531	0.3556441214394561
HepG2_skew	[-1.5,-1.0)	PLS	non-CpG transversion	3458	3458	247.572	27.846172	3455	9841.21698895155	65195.375537356165	1697	1347	2279	8531	0.4053452115812918
HepG2_skew	[-1.5,-1.0)	dELS	CpG transition	32119	32119	69348.79	162760.194644	32078	-23457.30599665013	118946.63928818624	1028	3460	11307	115626	0.2777835434936779
HepG2_skew	[-1.5,-1.0)	dELS	non-CpG transition	44599	44599	6793.552	1425.142538	44521	22612.39297914761	171440.05205358827	4707	4189	18604	115626	0.3857177451438258
HepG2_skew	[-1.5,-1.0)	dELS	non-CpG transversion	38908	38908	2252.296	218.366512	38832	8328.343005842762	131146.66943238364	3147	3726	15975	115626	0.3364987113624963
HepG2_skew	[-1.5,-1.0)	non-cCRE	CpG transition	71843	71843	167940.163	415975.761493	71565	-63165.759923918755	187245.394408184	328	3498	1262	196409	0.3657826270690243
HepG2_skew	[-1.5,-1.0)	non-cCRE	non-CpG transition	64642	64642	10880.958	2390.9989020000003	63940	1135.7240338319675	58907.3065919874	888	2738	1420	196409	0.32911933770855717
HepG2_skew	[-1.5,-1.0)	non-cCRE	non-CpG transversion	59924	59924	3482.129	338.060827	59294	-9621.453955661857	74638.72425638439	729	2726	1401	196409	0.3050980352224185
HepG2_skew	[-1.5,-1.0)	pELS	CpG transition	4806	4806	7999.981	16874.965464999997	4803	-1023.7859917652088	26885.548966864502	438	1209	1852	17805	0.2699241786015164
HepG2_skew	[-1.5,-1.0)	pELS	non-CpG transition	6587	6587	1028.215	214.967907	6579	7453.477010156145	48744.81684770235	1356	1780	3116	17805	0.36995226060095476
HepG2_skew	[-1.5,-1.0)	pELS	non-CpG transversion	6412	6412	401.268	39.160222	6400	5461.2150007321015	43079.96689783286	1154	1781	3135	17805	0.3601235607975288
HepG2_skew	[0.05,0.2)	PLS	CpG transition	27571	27571	21285.468999999997	29527.538747000002	27554	-2229.5919947759216	147539.94282497853	2995	10233	13592	313005	0.08808485487452278
HepG2_skew	[0.05,0.2)	PLS	non-CpG transition	146873	146873	21959.854	4487.091954	146779	45365.30197022484	763940.222960041	19015	48694	48060	313005	0.46923531572978067
HepG2_skew	[0.05,0.2)	PLS	non-CpG transversion	138561	138561	10127.471	1277.361951	138434	43531.11896559399	726256.1322188275	18174	48910	53067	313005	0.44267982939569656
HepG2_skew	[0.05,0.2)	dELS	CpG transition	533923	533923	991857.762	2019999.894708	533053	-450224.4849330344	1945353.861906484	10934	54420	87196	11411880	0.04678659432100583
HepG2_skew	[0.05,0.2)	dELS	non-CpG transition	6560393	6560393	1056651.137	251541.129547	6552612	-545749.9383071959	15598185.872033045	288674	493150	740911	11411880	0.5748739909638027
HepG2_skew	[0.05,0.2)	dELS	non-CpG transversion	4317564	4317564	243349.733	24350.848515	4310530	377605.0386695024	9590514.889811205	221351	335338	515117	11411880	0.37833941471519156
HepG2_skew	[0.05,0.2)	non-cCRE	CpG transition	1586824	1586824	3280694.123	7227744.688653001	1573317	-1299259.7321048516	3993528.8309434415	9094	66011	17276	47304594	0.033544818078345626
HepG2_skew	[0.05,0.2)	non-cCRE	non-CpG transition	26701674	26701674	4409550.552999989	1050721.0308650003	26430596	-4163585.4354501497	33518269.524043266	335485	705527	141607	47304594	0.5644625974382108
HepG2_skew	[0.05,0.2)	non-cCRE	non-CpG transversion	19016096	19016096	1163659.285000001	137521.98306099986	18751049	-1518786.890914007	20714488.83151599	263131	506515	108455	47304594	0.4019925844834436
HepG2_skew	[0.05,0.2)	pELS	CpG transition	96368	96368	126550.7	226697.599906	96254	-56216.23499228933	341189.72697469936	3691	25722	23650	1734318	0.05556535767950284
HepG2_skew	[0.05,0.2)	pELS	non-CpG transition	941328	941328	145899.157	32585.973903	940537	367.3109726258249	2481048.594038974	52167	209776	141054	1734318	0.5427655135909332
HepG2_skew	[0.05,0.2)	pELS	non-CpG transversion	696622	696622	42517.127	4689.0283469999995	695763	91451.02604921302	1781725.3651704332	43371	166989	121002	1734318	0.401669128729564
HepG2_skew	[0.2,0.5)	PLS	CpG transition	7826	7826	5965.445	8389.935269	7817	1742.918998478914	46103.136465919124	1128	2908	3891	81276	0.09628918746001279
HepG2_skew	[0.2,0.5)	PLS	non-CpG transition	34956	34956	5082.483	947.578875	34937	21172.658987898052	216921.67748086675	5951	12114	13138	81276	0.43009006348737633
HepG2_skew	[0.2,0.5)	PLS	non-CpG transversion	38494	38494	2871.426	376.575134	38469	21589.762980733656	238703.94204124855	6388	14078	15785	81276	0.47362074905261087
HepG2_skew	[0.2,0.5)	dELS	CpG transition	136930	136930	256855.401	530557.215429	136628	-117023.69699227031	506952.31511033716	2829	14863	25857	2061767	0.06641390613003312
HepG2_skew	[0.2,0.5)	dELS	non-CpG transition	1091432	1091432	166465.895	35509.107037	1089953	-83359.373005484	2561725.557545686	48648	92453	162925	2061767	0.5293672854401104
HepG2_skew	[0.2,0.5)	dELS	non-CpG transversion	833405	833405	47360.852	4592.917942	831959	65207.969962333824	1905426.6343671584	43746	73067	127396	2061767	0.4042188084298565
HepG2_skew	[0.2,0.5)	non-cCRE	CpG transition	304247	304247	629184.958	1391759.504612	301648	-261142.07279599624	811662.2971791341	1804	15141	4459	5592748	0.05440026977793385
HepG2_skew	[0.2,0.5)	non-cCRE	non-CpG transition	2944662	2944662	454346.938	97396.540464	2919354	-493232.9983782113	3736793.920818042	35521	96764	25822	5592748	0.5265143360652045
HepG2_skew	[0.2,0.5)	non-cCRE	non-CpG transversion	2343839	2343839	142727.174	15628.314006	2315516	-190121.2954326799	2663481.1931765904	34086	80609	22745	5592748	0.4190853941568617
HepG2_skew	[0.2,0.5)	pELS	CpG transition	25382	25382	32591.45	58455.910904000004	25342	-11994.390991603372	94764.72341434765	1278	6981	7074	343577	0.07387572509219185
HepG2_skew	[0.2,0.5)	pELS	non-CpG transition	168702	168702	24935.06	4980.695082	168530	17525.09001356502	502927.0077588445	11955	41176	33957	343577	0.4910165697936707
HepG2_skew	[0.2,0.5)	pELS	non-CpG transversion	149493	149493	9614.333	1090.703493	149284	32054.69301908649	453643.8690485455	11784	39566	33665	343577	0.43510770511413743
HepG2_skew	[0.5,1.0)	PLS	CpG transition	1741	1741	1426.815	2096.603357	1741	868.396999581135	11730.902373857238	297	615	897	17816	0.0977211495285137
HepG2_skew	[0.5,1.0)	PLS	non-CpG transition	7859	7859	1171.711	220.978423	7858	5091.728992925144	49535.18505779878	1381	2724	2890	17816	0.4411203412662775
HepG2_skew	[0.5,1.0)	PLS	non-CpG transversion	8216	8216	656.219	93.914423	8211	5981.388000073147	55068.24724218843	1547	2976	3453	17816	0.4611585092052088
HepG2_skew	[0.5,1.0)	dELS	CpG transition	33536	33536	64269.501000000004	135579.852109	33489	-28829.37098339155	126745.4553637353	728	3552	7247	442207	0.0758377863760637
HepG2_skew	[0.5,1.0)	dELS	non-CpG transition	236578	236578	36088.695	7475.404871	236265	-29106.115958430815	560489.9251808267	10083	20609	39233	442207	0.5349937924998925
HepG2_skew	[0.5,1.0)	dELS	non-CpG transversion	172093	172093	9930.759	982.807831	171796	14368.965993807422	405191.2265307956	9263	15825	29670	442207	0.3891684211240437
HepG2_skew	[0.5,1.0)	non-cCRE	CpG transition	54007	54007	113787.834	257032.300316	53563	-47334.30998378747	151869.30266120756	383	2894	1136	1032136	0.052325468736678114
HepG2_skew	[0.5,1.0)	non-cCRE	non-CpG transition	577087	577087	86675.909	17232.670159	572983	-109007.78686006296	732931.59235877	6074	20874	5736	1032136	0.5591191470891433
HepG2_skew	[0.5,1.0)	non-cCRE	non-CpG transversion	401042	401042	25327.647	2927.477523	396936	-32832.95882649464	451051.1332954647	5601	15971	4942	1032136	0.3885553841741786
HepG2_skew	[0.5,1.0)	pELS	CpG transition	5974	5974	7728.035	14131.488421	5962	-2207.198001886136	24847.755263499057	371	1681	1788	76474	0.07811805319454979
HepG2_skew	[0.5,1.0)	pELS	non-CpG transition	37614	37614	5561.022	1076.389818	37578	4161.5260119678	116110.45188361515	2810	9307	8230	76474	0.4918534403849674
HepG2_skew	[0.5,1.0)	pELS	non-CpG transversion	32886	32886	2256.73	278.626304	32824	8626.750994901871	110229.91970035496	2932	9092	8176	76474	0.4300285064204828
HepG2_skew	[1.0,1.5)	PLS	CpG transition	181	181	175.181	291.976921	181	52.64099992346017	1262.1725303754056	29	68	96	2688	0.06733630952380952
HepG2_skew	[1.0,1.5)	PLS	non-CpG transition	1332	1332	203.224	37.229608	1331	1045.776002232917	8625.372772112249	256	471	496	2688	0.4955357142857143
HepG2_skew	[1.0,1.5)	PLS	non-CpG transversion	1175	1175	110.464	18.557746	1173	799.05300150637	7416.07465233557	200	409	459	2688	0.43712797619047616
HepG2_skew	[1.0,1.5)	dELS	CpG transition	5439	5439	10665.088	22884.34925	5436	-4681.742001782869	19782.261568972222	119	610	1417	77274	0.07038589952636075
HepG2_skew	[1.0,1.5)	dELS	non-CpG transition	42092	42092	5947.605	1077.512037	42030	-3551.5969944593953	96812.5956043377	1879	3667	6974	77274	0.5447110282889458
HepG2_skew	[1.0,1.5)	dELS	non-CpG transversion	29743	29743	1785.152	172.720362	29676	1821.0840113967415	70851.18481373107	1595	2862	5337	77274	0.38490307218469344
HepG2_skew	[1.0,1.5)	non-cCRE	CpG transition	5850	5850	12561.707	28936.695111	5817	-5651.152997181052	18977.149388067635	50	354	207	168840	0.03464818763326226
HepG2_skew	[1.0,1.5)	non-cCRE	non-CpG transition	100785	100785	14136.006	2443.364964	100041	-22774.512979675783	131540.59184525703	922	4046	1066	168840	0.5969260838663824
HepG2_skew	[1.0,1.5)	non-cCRE	non-CpG transversion	62205	62205	3874.413	378.884745	61560	-8607.505972209037	74371.6989272701	764	2769	843	168840	0.3684257285003554
HepG2_skew	[1.0,1.5)	pELS	CpG transition	881	881	1169.84	2226.176374	881	-270.9059990977401	3901.133676290892	60	248	302	14189	0.062090351680879556
HepG2_skew	[1.0,1.5)	pELS	non-CpG transition	7336	7336	1044.082	185.311524	7332	1024.4289945691128	21997.931283496007	550	1920	1678	14189	0.5170202269363592
HepG2_skew	[1.0,1.5)	pELS	non-CpG transversion	5972	5972	458.799	61.920457	5961	1217.9020020011817	18234.703684480293	501	1650	1550	14189	0.4208894213827613
HepG2_skew	[1.5,Inf)	PLS	CpG transition	18	18	24.037999999999997	44.065418	18	4.314999699592591	109.32440093821003	2	4	9	635	0.028346456692913385
HepG2_skew	[1.5,Inf)	PLS	non-CpG transition	372	372	54.851	9.140487	372	184.7360011453276	1977.8437986284775	58	133	142	635	0.5858267716535434
HepG2_skew	[1.5,Inf)	PLS	non-CpG transversion	245	245	27.307	5.002905	245	129.011000697501	1262.8911128942273	37	84	90	635	0.3858267716535433
HepG2_skew	[1.5,Inf)	dELS	CpG transition	837	837	1651.842	3547.852428	837	-755.7330003888346	3735.1526272700653	22	108	268	21606	0.03873923910024993
HepG2_skew	[1.5,Inf)	dELS	non-CpG transition	13630	13630	1815.669	286.194331	13615	-1253.2869954894995	29611.076077483045	575	1182	2069	21606	0.6308432842728872
HepG2_skew	[1.5,Inf)	dELS	non-CpG transversion	7139	7139	462.128	48.733238	7125	-207.95499750529427	16915.516413790032	321	651	1214	21606	0.3304174766268629
HepG2_skew	[1.5,Inf)	non-cCRE	CpG transition	548	548	1191.387	2772.1365130000004	545	-617.9529980886726	1958.4976844575863	4	33	20	46261	0.011845831261753962
HepG2_skew	[1.5,Inf)	non-cCRE	non-CpG transition	31123	31123	4257.832	690.303494	30819	-8268.59899462527	42727.01683191073	260	1096	326	46261	0.6727697196342491
HepG2_skew	[1.5,Inf)	non-cCRE	non-CpG transversion	14590	14590	918.823	89.150967	14490	-1904.6979937339197	17044.77482175499	179	618	199	46261	0.3153844491039969
HepG2_skew	[1.5,Inf)	pELS	CpG transition	126	126	185.90800000000002	372.13938	126	-54.16299988795066	430.77423215740794	6	34	44	3887	0.03241574479032673
HepG2_skew	[1.5,Inf)	pELS	non-CpG transition	2261	2261	306.919	48.253289	2259	269.692003693199	6539.11159603349	182	573	500	3887	0.5816825315153075
HepG2_skew	[1.5,Inf)	pELS	non-CpG transversion	1500	1500	139.811	23.037503	1499	209.51399944990416	4473.680144827994	101	431	404	3887	0.3859017236943658
K562_skew	(-Inf,-1.5)	PLS	CpG transition	1733	1733	1617.867	2654.336471	1733	4268.876002929174	31854.259890049412	755	660	1245	7487	0.2314678776546013
K562_skew	(-Inf,-1.5)	PLS	non-CpG transition	2695	2695	462.325	94.929587	2694	8967.249996751083	58541.426279891435	1444	1036	1951	7487	0.35995725924936556
K562_skew	(-Inf,-1.5)	PLS	non-CpG transversion	3059	3059	229.519	26.467973	3055	9387.038989009685	61718.69110430852	1539	1182	2248	7487	0.40857486309603314
K562_skew	(-Inf,-1.5)	dELS	CpG transition	18411	18411	38014.479	87080.82856899999	18388	-13692.989002644785	71088.55601663658	614	2189	8479	77506	0.2375428999045235
K562_skew	(-Inf,-1.5)	dELS	non-CpG transition	32766	32766	5120.15	989.204828	32669	19543.573997444124	140398.14505031786	3719	3392	15957	77506	0.4227543674038139
K562_skew	(-Inf,-1.5)	dELS	non-CpG transversion	26329	26329	1668.882	183.80123	26241	9145.884992476436	101676.08979664602	2468	2765	13019	77506	0.33970273269166257
K562_skew	(-Inf,-1.5)	non-cCRE	CpG transition	45337	45337	101843.39199999999	244530.42120399998	45248	-40297.995931379744	115636.58237685141	114	2332	875	127157	0.3565434856122746
K562_skew	(-Inf,-1.5)	non-cCRE	non-CpG transition	42837	42837	7433.959	1524.635971	42163	1713.834023897071	31078.412908783903	466	2061	1215	127157	0.3368827512445245
K562_skew	(-Inf,-1.5)	non-cCRE	non-CpG transversion	38983	38983	2355.413	231.516957	38343	-6618.434972208458	43103.83715057229	340	1985	1107	127157	0.30657376314320095
K562_skew	(-Inf,-1.5)	pELS	CpG transition	2954	2954	4650.023	9671.085979	2953	-74.38300268934131	18618.364291134876	334	820	1583	12992	0.2273706896551724
K562_skew	(-Inf,-1.5)	pELS	non-CpG transition	5303	5303	864.426	169.237798	5296	7122.743008899734	45763.57437806405	1242	1542	3054	12992	0.40817426108374383
K562_skew	(-Inf,-1.5)	pELS	non-CpG transversion	4735	4735	314.396	33.711936	4729	5105.162004673273	35623.96429452467	981	1410	2779	12992	0.36445504926108374
K562_skew	[-0.05,0.05)	PLS	CpG transition	95020	95020	93274.512	150801.302668	94941	-33264.503982573515	436436.21275058354	6888	32128	38243	769945	0.12341141250349051
K562_skew	[-0.05,0.05)	PLS	non-CpG transition	371332	371332	53063.21	9795.56745	371081	130383.62094052271	1634459.4359454855	42487	112375	102848	769945	0.48228379949217154
K562_skew	[-0.05,0.05)	PLS	non-CpG transversion	303593	303593	22080.595	3119.923373	303282	64413.26696037046	1419096.8456993187	32755	97679	96513	769945	0.394304788004338
K562_skew	[-0.05,0.05)	dELS	CpG transition	3941086	3941086	7770149.55	16570148.473608006	3935017	-3157170.818867362	13677384.404411588	80092	342423	493133	46592399	0.08458645797568827
K562_skew	[-0.05,0.05)	dELS	non-CpG transition	25956891	25956891	3770016.108999991	752783.556809	25926479	3126159.743216494	55942972.999465495	1364706	1734179	2343516	46592399	0.5571056987213729
K562_skew	[-0.05,0.05)	dELS	non-CpG transversion	16694422	16694422	975956.6240000008	129723.194196	16668334	2188926.3482054668	37112313.2093014	910888	1128435	1568907	46592399	0.35830784330293874
K562_skew	[-0.05,0.05)	non-cCRE	CpG transition	18458821	18458821	40043731.45900001	91914027.72787693	18280319	-14795423.651662622	44784349.3931785	99759	591403	114476	304842950	0.06055190385737968
K562_skew	[-0.05,0.05)	non-cCRE	non-CpG transition	172871317	172871317	26334167.67700023	5591245.061036883	171089862	-10269732.32751141	182007112.32451472	2489905	3588867	543514	304842950	0.5670832046468518
K562_skew	[-0.05,0.05)	non-cCRE	non-CpG transversion	113512812	113512812	6956828.354999995	1137492.0344050054	111846417	-5555526.08094475	120833538.1978696	1739705	2361590	383880	304842950	0.37236489149576857
K562_skew	[-0.05,0.05)	pELS	CpG transition	606648	606648	921297.563	1769002.0240250002	606056	-411625.5838862549	1973176.7307872376	15429	140658	101504	6472736	0.09372358149629462
K562_skew	[-0.05,0.05)	pELS	non-CpG transition	3486553	3486553	499016.763	96288.671573	3483959	471434.8249236938	7779378.37398455	190100	704548	397217	6472736	0.5386521248510676
K562_skew	[-0.05,0.05)	pELS	non-CpG transversion	2379535	2379535	145780.608	19712.247256	2376962	257564.550014706	5542459.481387813	130044	504022	301404	6472736	0.36762429365263777
K562_skew	[-0.2,-0.05)	PLS	CpG transition	78939	78939	66100.015	101802.003279	78852	-1094.6209782076803	399764.40089163976	8628	28089	38584	379857	0.20781241361880917
K562_skew	[-0.2,-0.05)	PLS	non-CpG transition	142321	142321	21333.967	3991.957401	142230	103833.35895810112	826518.4430241513	24686	49313	56889	379857	0.37466994158328004
K562_skew	[-0.2,-0.05)	PLS	non-CpG transversion	158597	158597	12941.186	1849.743178	158424	73937.08096455563	896081.9456816746	23908	57005	70781	379857	0.4175176447979108
K562_skew	[-0.2,-0.05)	dELS	CpG transition	1861136	1861136	3763633.207	8330533.801339	1857891	-1613192.845883102	6851478.859087671	37029	180860	323025	10357149	0.17969578307698383
K562_skew	[-0.2,-0.05)	dELS	non-CpG transition	4751422	4751422	675696.496	126590.260446	4745415	789862.105625334	10294757.636784395	265075	364275	660031	10357149	0.4587577141161144
K562_skew	[-0.2,-0.05)	dELS	non-CpG transversion	3744591	3744591	230408.288	30258.221648	3738172	343817.0038206175	8735409.044394206	202511	297102	563433	10357149	0.36154650280690176
K562_skew	[-0.2,-0.05)	non-cCRE	CpG transition	5924508	5924508	13098854.374	30796513.342956007	5882334	-5409868.21415791	15983854.354086379	25435	239638	64441	39443915	0.1502008104418641
K562_skew	[-0.2,-0.05)	non-cCRE	non-CpG transition	18335070	18335070	2615858.397999996	518443.440776	18151879	-602919.8241629122	18813186.102073777	278488	476922	123664	39443915	0.46483899988122374
K562_skew	[-0.2,-0.05)	non-cCRE	non-CpG transversion	15184337	15184337	918658.7260000008	130490.44104599992	14973427	-1029478.7950189828	16881981.66099642	228607	413214	118266	39443915	0.38496018967691215
K562_skew	[-0.2,-0.05)	pELS	CpG transition	316958	316958	462320.09400000004	904965.5117179999	316533	-189395.75493370148	1104703.3466906876	11450	80896	75935	1649307	0.192176471693869
K562_skew	[-0.2,-0.05)	pELS	non-CpG transition	703872	703872	101236.943	18858.399121	703203	191417.670960598	1857579.1081562787	51753	162305	136046	1649307	0.4267683336092068
K562_skew	[-0.2,-0.05)	pELS	non-CpG transversion	628477	628477	43157.913	6090.128967	627574	104403.27098030895	1782668.036645237	44340	155102	139653	1649307	0.3810551946969242
K562_skew	[-0.5,-0.2)	PLS	CpG transition	35110	35110	27520.881	40865.865629	35085	17466.81599480218	226933.73480563296	6117	12834	19445	169474	0.207170421421575
K562_skew	[-0.5,-0.2)	PLS	non-CpG transition	58987	58987	9658.41	2019.648998	58964	76145.412983774	499132.5400394071	15562	21378	29486	169474	0.3480592893305168
K562_skew	[-0.5,-0.2)	PLS	non-CpG transversion	75377	75377	6296.718	940.039544	75327	73877.2759930558	557469.8915249313	16913	28044	40372	169474	0.44477028924790823
K562_skew	[-0.5,-0.2)	dELS	CpG transition	553384	553384	1112568.817	2469540.658425	552340	-478471.0888837438	2024471.7677008836	11500	58598	134958	2715064	0.2038198731226962
K562_skew	[-0.5,-0.2)	dELS	non-CpG transition	1166212	1166212	177942.566	36352.564014	1164660	199870.6168748357	2739147.7079258803	69767	99863	239710	2715064	0.42953388944054355
K562_skew	[-0.5,-0.2)	dELS	non-CpG transversion	995468	995468	64620.06	8932.976936	993623	88566.93299631604	2474506.1550748553	56500	89593	220114	2715064	0.3666462374367602
K562_skew	[-0.5,-0.2)	non-cCRE	CpG transition	1413562	1413562	3012790.809	6883927.008529	1405425	-1305081.2747508257	3761190.915331914	5236	65906	21606	6810573	0.20755404868283475
K562_skew	[-0.5,-0.2)	non-cCRE	non-CpG transition	2817693	2817693	437567.951	92631.051623	2793922	-164809.29226478992	2918958.361816181	38693	93436	35405	6810573	0.41372333869705236
K562_skew	[-0.5,-0.2)	non-cCRE	non-CpG transversion	2579318	2579318	171483.675	24703.120203	2546649	-305942.2060375804	2983914.5313268285	34520	90531	37324	6810573	0.37872261262011286
K562_skew	[-0.5,-0.2)	pELS	CpG transition	99809	99809	139704.319	270877.856135	99672	-46080.547978412265	379187.370568493	5175	26716	31971	478318	0.208666619278388
K562_skew	[-0.5,-0.2)	pELS	non-CpG transition	189315	189315	29688.264	6073.13382	189113	82645.18299481063	671226.8651928472	19738	48003	54488	478318	0.39579317525161084
K562_skew	[-0.5,-0.2)	pELS	non-CpG transversion	189194	189194	14054.921	2145.488569	188873	62416.078003254624	687132.5502001961	18734	51337	61349	478318	0.3955402054700011
K562_skew	[-1.0,-0.5)	PLS	CpG transition	14531	14531	11531.690999999999	17173.704838999998	14525	17180.26799530257	145449.05008806384	3942	5626	9068	66401	0.21883706570684178
K562_skew	[-1.0,-0.5)	PLS	non-CpG transition	22360	22360	3852.104	859.16677	22350	46617.24300052202	288197.6412270523	8471	8371	13148	66401	0.33674191653740154
K562_skew	[-1.0,-0.5)	PLS	non-CpG transversion	29510	29510	2428.694	341.14799	29489	51196.16797755764	324407.7005773508	9836	11261	18323	66401	0.4444210177557567
K562_skew	[-1.0,-0.5)	dELS	CpG transition	174882	174882	349131.32599999994	773827.05396	174540	-145316.15199222567	652583.2944419297	4422	19862	58211	786114	0.22246391744708782
K562_skew	[-1.0,-0.5)	dELS	non-CpG transition	327588	327588	51488.515	10785.940535	327118	94844.74591346648	954440.2886681408	25388	29993	94573	786114	0.41671818591196697
K562_skew	[-1.0,-0.5)	dELS	non-CpG transversion	283644	283644	19117.352	2562.812372	283119	42205.22999517782	826965.8449480957	19530	27811	89245	786114	0.3608178966409452
K562_skew	[-1.0,-0.5)	non-cCRE	CpG transition	367477	367477	779273.223	1780829.553135	365480	-323379.5005512502	936188.6989115276	1392	19283	7459	1379709	0.26634384497020747
K562_skew	[-1.0,-0.5)	non-cCRE	non-CpG transition	525294	525294	85629.19499999999	18887.027317	521152	-23065.258827743928	563804.4707426757	7777	20529	10830	1379709	0.3807281100579905
K562_skew	[-1.0,-0.5)	non-cCRE	non-CpG transversion	486938	486938	37967.491	5954.405595	482114	-93669.65475335032	643935.5839383542	6442	20566	11572	1379709	0.352928044971802
K562_skew	[-1.0,-0.5)	pELS	CpG transition	31644	31644	44121.065	85444.150267	31607	-8640.82498226233	139737.54138380705	2410	8841	12803	143291	0.22083731706806428
K562_skew	[-1.0,-0.5)	pELS	non-CpG transition	55060	55060	9020.357	1929.398121	54989	39231.63999214072	278951.8253000628	8109	14623	20890	143291	0.38425302356742574
K562_skew	[-1.0,-0.5)	pELS	non-CpG transversion	56587	56587	4329.58	633.573972	56485	33692.07099272521	279684.2584911612	8043	16305	24016	143291	0.39490965936451
K562_skew	[-1.5,-1.0)	PLS	CpG transition	3954	3954	3339.3320000000003	5236.109038	3952	7849.011998617789	59626.87708983003	1490	1509	2674	17759	0.22264767160313081
K562_skew	[-1.5,-1.0)	PLS	non-CpG transition	6255	6255	1099.527	248.748697	6244	18124.121985691832	112349.2494617767	3090	2401	4235	17759	0.3522157779154232
K562_skew	[-1.5,-1.0)	PLS	non-CpG transversion	7550	7550	585.95	70.638836	7542	18257.860991220692	116154.17849071824	3275	3074	5252	17759	0.42513655048144605
K562_skew	[-1.5,-1.0)	dELS	CpG transition	40715	40715	82174.97399999999	185202.0984	40638	-30261.3020041414	160172.90161272036	1390	4849	16909	184781	0.2203419182708179
K562_skew	[-1.5,-1.0)	dELS	non-CpG transition	78796	78796	12568.294	2626.221274	78670	41467.10296523302	329747.4836870103	8862	7619	31330	184781	0.4264291242064931
K562_skew	[-1.5,-1.0)	dELS	non-CpG transversion	65270	65270	4190.327	480.492993	65110	19397.225992193344	232289.02450210424	5708	6644	26886	184781	0.353228957522689
K562_skew	[-1.5,-1.0)	non-cCRE	CpG transition	67282	67282	149005.775	355588.327001	66991	-62595.987899524305	186688.42257066068	354	3592	1734	239546	0.28087298472944655
K562_skew	[-1.5,-1.0)	non-cCRE	non-CpG transition	90031	90031	15599.4	3517.214888	89179	42.89904599578553	94078.41928854372	1459	3880	2666	239546	0.3758401309143129
K562_skew	[-1.5,-1.0)	non-cCRE	non-CpG transversion	82233	82233	5328.2880000000005	602.379958	81272	-9306.122958085269	98685.8585793698	1156	3856	2646	239546	0.34328688435624055
K562_skew	[-1.5,-1.0)	pELS	CpG transition	6936	6936	9849.581	19335.564899	6930	-524.536999325034	40862.309009489254	754	1977	3270	31992	0.21680420105026257
K562_skew	[-1.5,-1.0)	pELS	non-CpG transition	12836	12836	2139.188	454.085786	12816	14124.766994865266	92254.7507294654	2577	3540	6159	31992	0.40122530632658165
K562_skew	[-1.5,-1.0)	pELS	non-CpG transversion	12220	12220	865.703	101.879177	12193	10859.754007262649	80090.00533335017	2244	3528	6261	31992	0.3819704926231558
K562_skew	[0.05,0.2)	PLS	CpG transition	22857	22857	17748.701	24398.318277	22835	-3014.653012887923	118510.9216225713	2305	8348	11090	294298	0.0776661751014278
K562_skew	[0.05,0.2)	PLS	non-CpG transition	142785	142785	21536.871	4303.521643	142686	48813.19101400475	755329.4095842037	19026	48220	49235	294298	0.48517149284059014
K562_skew	[0.05,0.2)	PLS	non-CpG transversion	128656	128656	9444.465	1234.279177	128536	37767.502987731954	671259.8486434601	16593	45712	49658	294298	0.43716233205798205
K562_skew	[0.05,0.2)	dELS	CpG transition	435384	435384	813079.6610000001	1665128.701257	434614	-364927.2989295251	1552926.8533800105	8578	44266	74834	9955022	0.04373511178579013
K562_skew	[0.05,0.2)	dELS	non-CpG transition	5743187	5743187	924549.692	212203.915208	5736233	-271770.59244155744	13598149.38783187	263828	434157	692533	9955022	0.5769135417279841
K562_skew	[0.05,0.2)	dELS	non-CpG transversion	3776451	3776451	217275.211	22733.259247	3770586	379054.36179319787	8378491.210420002	196884	291539	472441	9955022	0.37935134648622576
K562_skew	[0.05,0.2)	non-cCRE	CpG transition	1409736	1409736	2955090.358	6599384.38512	1398458	-1133532.127067022	3448435.249515593	7780	56683	14113	41976488	0.033583943468543626
K562_skew	[0.05,0.2)	non-cCRE	non-CpG transition	23631558	23631558	3877066.987999993	888740.413488	23390673	-3321537.002121809	28629592.454932634	304125	622709	133820	41976488	0.5629712995522637
K562_skew	[0.05,0.2)	non-cCRE	non-CpG transversion	16935194	16935194	1061823.155000001	132411.00072899996	16717714	-1283665.7852978455	18291532.048283108	237629	443664	99542	41976488	0.40344475697919274
K562_skew	[0.05,0.2)	pELS	CpG transition	78407	78407	102779.39600000001	183868.42492199998	78320	-46239.478985594506	274990.42458644294	2955	20759	19777	1535282	0.051070096568578284
K562_skew	[0.05,0.2)	pELS	non-CpG transition	842328	842328	131229.929	28400.611101	841570	39665.20497679711	2253483.9091365985	49620	190631	135847	1535282	0.5486470889387096
K562_skew	[0.05,0.2)	pELS	non-CpG transversion	614547	614547	38098.698	4344.274708	613781	91541.13202397832	1602273.5624468392	39379	148440	111677	1535282	0.4002828144927121
K562_skew	[0.2,0.5)	PLS	CpG transition	7687	7687	5717.287	7730.929553	7683	1172.4070054827025	44097.5643114493	1040	2922	3993	104296	0.07370368949911789
K562_skew	[0.2,0.5)	PLS	non-CpG transition	47514	47514	7129.468	1374.563382	47492	27423.99297585174	294367.3438724155	8029	16646	18472	104296	0.45556876582035744
K562_skew	[0.2,0.5)	PLS	non-CpG transversion	49095	49095	3736.753	499.481405	49057	25752.23196428467	295926.1547746181	7983	18135	21188	104296	0.47072754468052463
K562_skew	[0.2,0.5)	dELS	CpG transition	111795	111795	211237.252	440777.13861599995	111586	-96640.67800176995	413875.10011612787	2332	12096	24280	2311771	0.04835902864081261
K562_skew	[0.2,0.5)	dELS	non-CpG transition	1296374	1296374	201342.144	43461.236176	1294589	-60626.4420442693	3078143.6013782974	60251	109166	201248	2311771	0.5607709414124495
K562_skew	[0.2,0.5)	dELS	non-CpG transversion	903602	903602	52231.638	5265.98113	901957	77265.06988566564	2059654.9328182023	47443	78661	145082	2311771	0.3908700299467378
K562_skew	[0.2,0.5)	non-cCRE	CpG transition	283235	283235	603070.221	1365495.323977	281323	-249461.99776632403	747450.9519946895	1415	13524	4250	6501311	0.04356582849213028
K562_skew	[0.2,0.5)	non-cCRE	non-CpG transition	3566909	3566909	559433.767	122340.78976100001	3533971	-569404.9382960969	4455216.594739844	44360	117125	32479	6501311	0.5486445733791231
K562_skew	[0.2,0.5)	non-cCRE	non-CpG transversion	2651167	2651167	163457.689	18540.909033	2619144	-223662.50422452012	2972725.676999087	37620	89878	27202	6501311	0.40778959812874666
K562_skew	[0.2,0.5)	pELS	CpG transition	21964	21964	27606.719	49365.418395	21934	-9857.932996536609	79851.2514249357	1118	6153	6868	396440	0.055403087478559175
K562_skew	[0.2,0.5)	pELS	non-CpG transition	206158	206158	31149.216	6304.614244	205959	29142.301983885347	616847.5946487958	15215	50878	44039	396440	0.5200232065381899
K562_skew	[0.2,0.5)	pELS	non-CpG transversion	168318	168318	11047.941	1316.054775	168074	38251.753041991265	509912.6363252487	13495	45133	40531	396440	0.42457370598325095
K562_skew	[0.5,1.0)	PLS	CpG transition	2041	2041	1526.9180000000001	2132.08845	2041	809.4440012953715	12725.591681598211	337	770	1125	28597	0.07137112284505367
K562_skew	[0.5,1.0)	PLS	non-CpG transition	12912	12912	1896.628	349.51051	12904	9325.471997237068	89058.81308334108	2435	4685	5029	28597	0.4515158932755184
K562_skew	[0.5,1.0)	PLS	non-CpG transversion	13644	13644	1079.025	156.014963	13632	9854.47100237804	91825.74841637096	2561	5066	6163	28597	0.4771129838794279
K562_skew	[0.5,1.0)	dELS	CpG transition	29387	29387	56250.295000000006	119114.46820500001	29340	-25662.598980224	110450.81042649671	634	3251	7068	576675	0.05095937919972255
K562_skew	[0.5,1.0)	dELS	non-CpG transition	323591	323591	48280.76	9691.009166	323119	-16564.560985602322	774118.9133000225	15229	28791	56967	576675	0.5611323535787055
K562_skew	[0.5,1.0)	dELS	non-CpG transversion	223697	223697	13130.476	1373.873572	223284	12914.74301653414	524719.7183459242	11524	21333	41710	576675	0.38790826722157196
K562_skew	[0.5,1.0)	non-cCRE	CpG transition	54852	54852	115252.2	259671.357284	54456	-46767.30497390068	144937.00936047433	349	2970	1199	1270070	0.04318817073074713
K562_skew	[0.5,1.0)	non-cCRE	non-CpG transition	706489	706489	105684.506	21178.873466	701042	-129462.11186882285	910360.6121453831	8421	26939	8466	1270070	0.5562598911871
K562_skew	[0.5,1.0)	non-cCRE	non-CpG transversion	508729	508729	32627.655	4025.483339	503436	-55191.328813168	588361.7528389717	6737	20948	7274	1270070	0.40055193808215295
K562_skew	[0.5,1.0)	pELS	CpG transition	5857	5857	7166.793	12832.881867	5846	-1929.8190052999435	22427.002141525943	377	1743	1966	105369	0.05558560867048183
K562_skew	[0.5,1.0)	pELS	non-CpG transition	53951	53951	7896.459	1506.875573	53895	10808.001013020994	179625.06283164982	4503	13888	12687	105369	0.5120196642276191
K562_skew	[0.5,1.0)	pELS	non-CpG transversion	45561	45561	3169.165	412.216569	45489	12713.43197918544	157880.49409515757	4266	12987	12666	105369	0.432394727101899
K562_skew	[1.0,1.5)	PLS	CpG transition	359	359	312.006	475.40891799999997	359	59.18399992678326	2276.229342351795	51	134	190	5370	0.06685288640595903
K562_skew	[1.0,1.5)	PLS	non-CpG transition	2342	2342	334.257	58.613969	2341	1742.7230004644953	16600.214672509774	455	803	866	5370	0.4361266294227188
K562_skew	[1.0,1.5)	PLS	non-CpG transversion	2669	2669	235.619	37.616145	2666	2284.75100384152	17771.471875220384	535	968	1162	5370	0.49702048417132216
K562_skew	[1.0,1.5)	dELS	CpG transition	6603	6603	12751.099	27123.801331	6599	-5764.6469940011175	25446.754522836753	159	751	1736	113447	0.058203390129311486
K562_skew	[1.0,1.5)	dELS	non-CpG transition	62908	62908	8895.202	1616.914116	62822	-3467.7279993678667	145657.91298763122	2956	5768	11282	113447	0.5545144428675945
K562_skew	[1.0,1.5)	dELS	non-CpG transversion	43936	43936	2614.134	272.682312	43842	2329.0940017529065	104391.53586130126	2356	4298	8902	113447	0.387282167003094
K562_skew	[1.0,1.5)	non-cCRE	CpG transition	7545	7545	15862.278	35863.102096	7502	-6716.114000180506	22406.78668009545	63	501	250	214525	0.03517072602260809
K562_skew	[1.0,1.5)	non-cCRE	non-CpG transition	121589	121589	17391.4	3224.50216	120692	-26474.725992268777	163053.26769585782	1315	4958	1537	214525	0.5667824262906421
K562_skew	[1.0,1.5)	non-cCRE	non-CpG transversion	85391	85391	5355.014	562.2386300000001	84596	-10312.075957515744	99315.78676327328	1099	3967	1521	214525	0.3980468476867498
K562_skew	[1.0,1.5)	pELS	CpG transition	1250	1250	1510.735	2755.919613	1250	-275.49399813008523	5532.233377723029	92	370	475	21431	0.05832672297139657
K562_skew	[1.0,1.5)	pELS	non-CpG transition	10583	10583	1488.609	265.522385	10572	1607.5179993769834	33327.17362868142	854	2761	2509	21431	0.49381736736503196
K562_skew	[1.0,1.5)	pELS	non-CpG transversion	9598	9598	726.698	99.431494	9586	2790.525998775616	33266.56241100844	925	2728	2879	21431	0.44785590966357147
K562_skew	[1.5,Inf)	PLS	CpG transition	67	67	52.342	80.767448	67	47.41999967023726	457.08743574986755	14	24	40	1515	0.04422442244224423
K562_skew	[1.5,Inf)	PLS	non-CpG transition	680	680	92.172	14.848384	680	449.0360025217529	4025.0665521171886	128	224	250	1515	0.44884488448844884
K562_skew	[1.5,Inf)	PLS	non-CpG transversion	768	768	68.495	10.692011	768	618.7419964484873	5018.733714763726	151	274	347	1515	0.5069306930693069
K562_skew	[1.5,Inf)	dELS	CpG transition	2160	2160	4274.281	9190.991103	2159	-1952.2190002597642	8396.141618775013	39	266	583	38064	0.05674653215636822
K562_skew	[1.5,Inf)	dELS	non-CpG transition	21590	21590	2940.85	499.250964	21557	-2053.967994526029	48307.31227772153	901	2043	3792	38064	0.5672026061370323
K562_skew	[1.5,Inf)	dELS	non-CpG transversion	14314	14314	842.856	82.362104	14290	144.33900581300298	34366.9576513404	716	1493	2912	38064	0.3760508617065994
K562_skew	[1.5,Inf)	non-cCRE	CpG transition	1560	1560	3365.077	7771.8546049999995	1555	-1514.4119991781195	5740.049367466437	23	109	64	68367	0.022818026240730177
K562_skew	[1.5,Inf)	non-cCRE	non-CpG transition	42415	42415	5678.297	950.766097	42173	-14335.775992879524	65923.23409285511	383	1854	558	68367	0.6204016557695965
K562_skew	[1.5,Inf)	non-cCRE	non-CpG transversion	24392	24392	1455.001	139.113151	24185	-4013.533988223761	32560.658072315284	346	1316	513	68367	0.35678031798967336
K562_skew	[1.5,Inf)	pELS	CpG transition	383	383	489.44899999999996	935.054441	383	-131.34699895232922	1793.9136407726753	34	108	158	7545	0.05076209410205434
K562_skew	[1.5,Inf)	pELS	non-CpG transition	3743	3743	502.865	83.811029	3739	538.4530035227075	10268.701956012294	292	993	920	7545	0.49609012591119944
K562_skew	[1.5,Inf)	pELS	non-CpG transversion	3419	3419	266.356	36.803916	3412	1209.1830039698405	11367.029266746596	333	1003	1086	7545	0.4531477799867462
SKNSH_skew	(-Inf,-1.5)	PLS	CpG transition	2103	2103	1709.598	2614.3192440000003	2103	5660.6280011651115	43685.84762559585	970	830	1336	6181	0.3402362077333765
SKNSH_skew	(-Inf,-1.5)	PLS	non-CpG transition	1539	1539	213.036	36.187756	1534	5473.335000091932	36624.894176307134	860	601	971	6181	0.24898883675780617
SKNSH_skew	(-Inf,-1.5)	PLS	non-CpG transversion	2539	2539	185.961	21.177857	2537	8272.028993583637	56996.886635303	1376	1025	1682	6181	0.4107749555088173
SKNSH_skew	(-Inf,-1.5)	dELS	CpG transition	18426	18426	38582.378	88504.62757000001	18407	-13832.974996192263	67135.10087046253	538	1912	6490	53041	0.34739164042910203
SKNSH_skew	(-Inf,-1.5)	dELS	non-CpG transition	17066	17066	2404.723	429.773083	17041	9456.629988869883	62586.53516949582	1803	1558	7588	53041	0.3217510982070474
SKNSH_skew	(-Inf,-1.5)	dELS	non-CpG transversion	17549	17549	1058.734	108.361498	17513	2934.0390037260936	57747.28380450855	1347	1725	7386	53041	0.33085726136385063
SKNSH_skew	(-Inf,-1.5)	non-cCRE	CpG transition	32029	32029	72575.65800000001	174560.302086	31922	-31478.53197855026	95791.90876628853	156	1204	673	78356	0.40876257083056816
SKNSH_skew	(-Inf,-1.5)	non-cCRE	non-CpG transition	23356	23356	3652.227	701.522051	22978	1390.7770093441936	20055.210183822863	302	864	576	78356	0.29807545050793816
SKNSH_skew	(-Inf,-1.5)	non-cCRE	non-CpG transversion	22971	22971	1540.511	175.015385	22691	-6702.868997523212	39085.50974845644	291	912	651	78356	0.2931619786614937
SKNSH_skew	(-Inf,-1.5)	pELS	CpG transition	2554	2554	4110.307	8582.216803000001	2553	177.0729979387254	15828.19363030791	277	661	1105	7526	0.33935689609354236
SKNSH_skew	(-Inf,-1.5)	pELS	non-CpG transition	2312	2312	333.593	60.900937	2311	3195.8419999865587	21198.121972892113	537	585	1204	7526	0.3072017007706617
SKNSH_skew	(-Inf,-1.5)	pELS	non-CpG transversion	2660	2660	162.165	15.191765	2658	3034.629001355615	23146.073789438244	580	731	1334	7526	0.3534414031357959
SKNSH_skew	[-0.05,0.05)	PLS	CpG transition	81305	81305	71822.307	110245.598171	81236	-20153.88198899722	376520.6266197794	6717	28231	36371	718791	0.11311354760980591
SKNSH_skew	[-0.05,0.05)	PLS	non-CpG transition	343940	343940	49360.019	9030.182093	343703	135835.2299435852	1543670.485393284	40925	104799	98808	718791	0.47849792220548115
SKNSH_skew	[-0.05,0.05)	PLS	non-CpG transversion	293546	293546	21765.259	3167.804761	293218	71632.96291340106	1379606.7696432583	33123	95165	99638	718791	0.40838853018471294
SKNSH_skew	[-0.05,0.05)	dELS	CpG transition	2677656	2677656	5242496.32	11137539.171974005	2673598	-2145066.47188606	9158312.973265843	52775	236446	347441	40879118	0.06550180461329914
SKNSH_skew	[-0.05,0.05)	dELS	non-CpG transition	23193704	23193704	3356030.627999994	657083.364638	23167881	3193862.7823065897	48873048.1559771	1218787	1542540	2090769	40879118	0.5673729066268015
SKNSH_skew	[-0.05,0.05)	dELS	non-CpG transversion	15007758	15007758	872928.8550000004	119868.39891699998	14986105	1959555.4603652037	32883479.861419138	805510	1012960	1428703	40879118	0.36712528875989936
SKNSH_skew	[-0.05,0.05)	non-cCRE	CpG transition	13569495	13569495	29313188.751	67062498.51821898	13459314	-10740311.73062317	32110745.57075124	71175	431588	81866	273753758	0.04956825104114187
SKNSH_skew	[-0.05,0.05)	non-cCRE	non-CpG transition	156907607	156907607	23883449.7060002	5020777.063379931	155381788	-8739804.014671717	161226862.14764246	2224167	3244999	484873	273753758	0.5731706046570509
SKNSH_skew	[-0.05,0.05)	non-cCRE	non-CpG transversion	103276656	103276656	6341587.329999997	1085863.779704005	101883252	-5158357.506710383	108692300.23378272	1543976	2146061	349503	273753758	0.3772611443018072
SKNSH_skew	[-0.05,0.05)	pELS	CpG transition	437963	437963	641474.247	1219141.507137	437504	-284687.8169102641	1425563.3540803334	12134	105006	81579	5735965	0.07635384804474922
SKNSH_skew	[-0.05,0.05)	pELS	non-CpG transition	3130222	3130222	446917.056	84868.77459	3127839	475717.3518698923	6841666.731922147	170634	633540	363456	5735965	0.5457184623685813
SKNSH_skew	[-0.05,0.05)	pELS	non-CpG transversion	2167780	2167780	133180.405	18733.750299	2165359	239756.3500150369	5038630.861066184	118349	462787	288882	5735965	0.3779276895866694
SKNSH_skew	[-0.2,-0.05)	PLS	CpG transition	97279	97279	90831.049	145793.377399	97177	-12266.177994661042	476262.2094893779	9496	33593	43485	428537	0.22700256920639292
SKNSH_skew	[-0.2,-0.05)	PLS	non-CpG transition	156464	156464	22646.355	4111.055017	156360	114761.53096136912	900065.1451056376	26980	53429	60922	428537	0.3651119973304522
SKNSH_skew	[-0.2,-0.05)	PLS	non-CpG transversion	174794	174794	13982.907	1979.204137	174626	83130.81599674412	978336.9182633816	26202	61723	75690	428537	0.40788543346315487
SKNSH_skew	[-0.2,-0.05)	dELS	CpG transition	3115087	3115087	6243325.751	13629238.859025	3109814	-2628274.794793449	11339541.929828538	63202	288394	476587	13573527	0.22949724121077741
SKNSH_skew	[-0.2,-0.05)	dELS	non-CpG transition	5774512	5774512	781989.62	139047.757008	5766458	1258926.7775752037	12604847.749068132	346489	446274	804318	13573527	0.42542457829862496
SKNSH_skew	[-0.2,-0.05)	dELS	non-CpG transversion	4683928	4683928	291164.129	37516.261321	4675304	597252.7208007649	10977041.739606308	268595	367466	678649	13573527	0.34507818049059763
SKNSH_skew	[-0.2,-0.05)	non-cCRE	CpG transition	10706861	10706861	23497562.988	54736816.500494	10598379	-9254358.063071443	28108067.216765884	54574	395727	98634	53504032	0.20011316156509476
SKNSH_skew	[-0.2,-0.05)	non-cCRE	non-CpG transition	23107652	23107652	3044777.568999992	558132.076211	22827553	471753.2467040493	23578410.449621934	412857	590286	151697	53504032	0.43188618009199753
SKNSH_skew	[-0.2,-0.05)	non-cCRE	non-CpG transversion	19689519	19689519	1180083.173000001	155903.19899499978	19347134	-635860.5120737643	22483469.27319592	352091	518892	143168	53504032	0.3680006583429077
SKNSH_skew	[-0.2,-0.05)	pELS	CpG transition	493822	493822	742746.7509999999	1447945.044661	493256	-317957.074893311	1685063.9085388132	15292	120065	102113	2110033	0.2340352022930447
SKNSH_skew	[-0.2,-0.05)	pELS	non-CpG transition	847672	847672	116509.845	20633.434655	846889	273091.7230029689	2223466.975377146	65081	194687	160794	2110033	0.4017340013165671
SKNSH_skew	[-0.2,-0.05)	pELS	non-CpG transversion	768539	768539	52500.529	7154.885303	767464	143340.18699530463	2139916.764926124	54761	187422	161708	2110033	0.3642307963903882
SKNSH_skew	[-0.5,-0.2)	PLS	CpG transition	31093	31093	26256.425000000003	40417.384744999996	31073	14206.123014094312	208975.7269586937	5348	11364	16600	154039	0.20185147917085933
SKNSH_skew	[-0.5,-0.2)	PLS	non-CpG transition	55314	55314	8737.804	1794.242136	55279	72678.4619784509	483176.97327955	14775	20240	27130	154039	0.3590908795824434
SKNSH_skew	[-0.5,-0.2)	PLS	non-CpG transversion	67632	67632	5494.475	786.905807	67582	68492.84098632552	526537.9419696585	15601	25466	35492	154039	0.43905764124669727
SKNSH_skew	[-0.5,-0.2)	dELS	CpG transition	627839	627839	1259840.4239999999	2764960.0692419996	626798	-520500.5579454545	2259383.2904796493	14080	63897	145209	2675486	0.23466353402708892
SKNSH_skew	[-0.5,-0.2)	dELS	non-CpG transition	1085352	1085352	163599.978	33028.475134	1083341	252652.21177694167	2746175.488854946	73065	95422	239836	2675486	0.40566536322746594
SKNSH_skew	[-0.5,-0.2)	dELS	non-CpG transversion	962295	962295	62659.885	8153.394681	959926	108435.3780107656	2519306.3866461404	58989	87043	219494	2675486	0.3596711027454451
SKNSH_skew	[-0.5,-0.2)	non-cCRE	CpG transition	1764910	1764910	3790687.439	8652615.351609001	1754232	-1607322.3496755252	4631648.284354036	6946	75333	22272	6566660	0.2687682931657799
SKNSH_skew	[-0.5,-0.2)	non-cCRE	non-CpG transition	2461531	2461531	387202.726	84364.430212	2428762	-121808.00554199833	2671743.3608188475	37957	83885	33821	6566660	0.374852817109459
SKNSH_skew	[-0.5,-0.2)	non-cCRE	non-CpG transversion	2340219	2340219	152338.983	19792.110333	2301380	-273281.19420712	2888134.1421029717	34633	81643	35075	6566660	0.3563788897247611
SKNSH_skew	[-0.5,-0.2)	pELS	CpG transition	102764	102764	152082.245	296119.786325	102637	-51436.5079740988	381499.58564811875	4960	26050	29709	452836	0.22693425434373593
SKNSH_skew	[-0.5,-0.2)	pELS	non-CpG transition	174960	174960	26904.338	5430.970124	174768	88947.38998599256	666980.8163407348	19808	44672	51601	452836	0.38636504164863217
SKNSH_skew	[-0.5,-0.2)	pELS	non-CpG transversion	175112	175112	12743.474	1827.252208	174838	63810.97502668542	666990.9794830044	18285	47152	55874	452836	0.3867007040076319
SKNSH_skew	[-1.0,-0.5)	PLS	CpG transition	11116	11116	9791.425	15495.890595	11108	12657.332990224353	113285.5278361066	2970	4173	6445	52722	0.21084177383255567
SKNSH_skew	[-1.0,-0.5)	PLS	non-CpG transition	18334	18334	3081.55	728.242854	18325	40590.35799698741	258020.2932949662	7301	6894	10359	52722	0.3477485679602443
SKNSH_skew	[-1.0,-0.5)	PLS	non-CpG transversion	23272	23272	1698.679	193.321783	23249	40740.22899064036	270577.0582825626	7818	9036	13441	52722	0.4414096582072
SKNSH_skew	[-1.0,-0.5)	dELS	CpG transition	191801	191801	386869.31299999997	854645.165415	191447	-150665.02897485608	700450.3982441933	5037	20399	57193	701697	0.27333877727851197
SKNSH_skew	[-1.0,-0.5)	dELS	non-CpG transition	265766	265766	41203.618	8847.901622	265271	91160.80891995726	849683.8733543165	22809	24208	81579	701697	0.378747522078618
SKNSH_skew	[-1.0,-0.5)	dELS	non-CpG transversion	244130	244130	15018.148	1622.161128	243584	39187.791967433994	740379.5353039422	17302	23122	75314	701697	0.3479137006428701
SKNSH_skew	[-1.0,-0.5)	non-cCRE	CpG transition	395078	395078	867686.746	2032347.3646079998	392535	-352347.13963950623	1039307.2412000893	1710	18765	7010	1220503	0.3237009659132341
SKNSH_skew	[-1.0,-0.5)	non-cCRE	non-CpG transition	422121	422121	71347.204	17030.110498000002	416963	-22116.95785849774	476252.97158483526	6458	16160	8488	1220503	0.34585822402730676
SKNSH_skew	[-1.0,-0.5)	non-cCRE	non-CpG transversion	403304	403304	26193.641	2982.236689	397529	-67673.71884045098	536745.1157776803	5575	16878	8993	1220503	0.3304408100594591
SKNSH_skew	[-1.0,-0.5)	pELS	CpG transition	30142	30142	45213.28200000001	88787.03401999999	30103	-11092.768994107377	129731.47342290364	1985	7939	10515	114956	0.2622046696127214
SKNSH_skew	[-1.0,-0.5)	pELS	non-CpG transition	41249	41249	6594.268	1440.32778	41192	32349.740005269185	231109.0239237036	6567	10805	15593	114956	0.35882424579839245
SKNSH_skew	[-1.0,-0.5)	pELS	non-CpG transversion	43565	43565	2942.534	335.99203	43479	25543.235990137768	223495.05676735504	6142	12172	17139	114956	0.3789710845888862
SKNSH_skew	[-1.5,-1.0)	PLS	CpG transition	3623	3623	3154.219	5059.438625000001	3622	7080.350003793836	54372.608444835045	1351	1404	2234	14363	0.25224535264220566
SKNSH_skew	[-1.5,-1.0)	PLS	non-CpG transition	4562	4562	724.151	158.385835	4559	13024.993991442028	83143.01828026383	2218	1762	2854	14363	0.31762166678270554
SKNSH_skew	[-1.5,-1.0)	PLS	non-CpG transversion	6178	6178	435.729	46.227043	6172	15162.594992084783	97490.26859116122	2709	2530	3876	14363	0.43013298057508875
SKNSH_skew	[-1.5,-1.0)	dELS	CpG transition	42632	42632	88482.773	201091.130137	42574	-30839.16200040179	150225.5361523827	1272	4582	14837	144955	0.2941050670897865
SKNSH_skew	[-1.5,-1.0)	dELS	non-CpG transition	53346	53346	8302.739	1828.180301	53252	21099.70700133627	178924.72339835291	4964	4917	20344	144955	0.3680176606533062
SKNSH_skew	[-1.5,-1.0)	dELS	non-CpG transversion	48977	48977	2817.334	261.571288	48854	8054.852010323432	146646.93115382234	3502	4833	18321	144955	0.33787727225690734
SKNSH_skew	[-1.5,-1.0)	non-cCRE	CpG transition	85446	85446	192274.215	462043.44369499997	85054	-72708.0529022055	216388.78205586213	394	4303	1670	231750	0.3686990291262136
SKNSH_skew	[-1.5,-1.0)	non-cCRE	non-CpG transition	76184	76184	13197.252	3137.778658	75266	-1358.9069671101156	76307.24375709693	1062	3107	1728	231750	0.3287335490830636
SKNSH_skew	[-1.5,-1.0)	non-cCRE	non-CpG transversion	70120	70120	4222.7	420.294216	69130	-10919.917966546376	87639.15851074677	846	3021	1685	231750	0.30256742179072277
SKNSH_skew	[-1.5,-1.0)	pELS	CpG transition	6578	6578	10133.852	20485.071251999998	6571	-1053.4960004880581	36644.973748417964	633	1750	2564	22517	0.29213483146067415
SKNSH_skew	[-1.5,-1.0)	pELS	non-CpG transition	7717	7717	1216.413	267.889273	7704	8459.944008616963	55688.07562669035	1566	1986	3437	22517	0.3427188346582582
SKNSH_skew	[-1.5,-1.0)	pELS	non-CpG transversion	8222	8222	505.461	47.590627	8205	6688.171006102348	52857.373160562005	1470	2379	3747	22517	0.36514633388106765
SKNSH_skew	[0.05,0.2)	PLS	CpG transition	24656	24656	17448.869	23284.455757000003	24641	157.43500093463763	134265.64091302778	2900	9235	13120	339627	0.0725972905569934
SKNSH_skew	[0.05,0.2)	PLS	non-CpG transition	169809	169809	26469.102	5497.28199	169711	48994.593989059205	872580.2143851692	21773	56051	57710	339627	0.49998675017003946
SKNSH_skew	[0.05,0.2)	PLS	non-CpG transversion	145162	145162	10938.518	1453.253762	145044	44418.75096741924	766578.0857465079	18954	51419	56850	339627	0.4274159592729671
SKNSH_skew	[0.05,0.2)	dELS	CpG transition	353847	353847	668471.9049999999	1393356.194799	353135	-312053.18097725767	1311702.805970004	6898	37575	63816	12845957	0.027545398135771434
SKNSH_skew	[0.05,0.2)	dELS	non-CpG transition	7788909	7788909	1283013.488	307303.818002	7779602	-806601.3654802906	18986571.67755927	340773	571153	867512	12845957	0.6063315485175608
SKNSH_skew	[0.05,0.2)	dELS	non-CpG transversion	4703201	4703201	271823.302	27875.91518	4695735	359193.86753814144	10680474.495553846	242504	355389	551665	12845957	0.3661230533466677
SKNSH_skew	[0.05,0.2)	non-cCRE	CpG transition	1135782	1135782	2412134.87	5458681.293955999	1126445	-1008245.4791545204	3000768.958316339	5197	50956	12940	59192793	0.019187842682131927
SKNSH_skew	[0.05,0.2)	non-cCRE	non-CpG transition	35109711	35109711	5949550.042	1434868.440346001	34720214	-5964827.61260711	44865175.02146408	437712	866664	173672	59192793	0.5931416515520732
SKNSH_skew	[0.05,0.2)	non-cCRE	non-CpG transversion	22947300	22947300	1447791.632000001	168426.53623599946	22603861	-2117957.0541657037	24969620.93912612	310277	568447	119224	59192793	0.3876705057657948
SKNSH_skew	[0.05,0.2)	pELS	CpG transition	70161	70161	89256.111	161241.693399	70084	-37347.55999467569	251101.47283853934	3069	19436	19686	1923601	0.03647378016542932
SKNSH_skew	[0.05,0.2)	pELS	non-CpG transition	1111278	1111278	177386.663	40093.766531	1110374	-32561.64506507944	2978239.370715701	60210	244655	165348	1923601	0.5777071232547706
SKNSH_skew	[0.05,0.2)	pELS	non-CpG transversion	742162	742162	46039.853	5158.776881	741304	88132.28901048105	1929566.0497534457	46007	174916	128240	1923601	0.38581909657980007
SKNSH_skew	[0.2,0.5)	PLS	CpG transition	8405	8405	5685.633	7502.807279000001	8397	2469.8189947111555	51578.6061240804	1295	3220	4621	97966	0.08579507175959006
SKNSH_skew	[0.2,0.5)	PLS	non-CpG transition	44813	44813	6864.085	1313.268283	44792	27858.23799702933	285500.00722190505	7874	16070	17712	97966	0.45743421186942407
SKNSH_skew	[0.2,0.5)	PLS	non-CpG transversion	44748	44748	3464.976	474.391514	44712	24672.14899046359	273825.1286831471	7408	16623	19153	97966	0.4567707163709859
SKNSH_skew	[0.2,0.5)	dELS	CpG transition	106571	106571	204754.938	434438.074896	106319	-95848.86697950884	405737.93849862233	2116	11761	21955	2177729	0.0489367593488446
SKNSH_skew	[0.2,0.5)	dELS	non-CpG transition	1218747	1218747	187948.297	39289.340381	1217050	-73260.76300019234	2881579.1934089307	55515	101278	179036	2177729	0.5596412593118795
SKNSH_skew	[0.2,0.5)	dELS	non-CpG transversion	852411	852411	49818.244	4988.737094	850601	68088.23801714834	1975016.5563147056	45015	73960	129369	2177729	0.3914219813392759
SKNSH_skew	[0.2,0.5)	non-cCRE	CpG transition	268952	268952	571158.8960000001	1294486.945794	266539	-240208.08276533146	724572.4718833109	1324	13947	3891	6756065	0.03980897164251676
SKNSH_skew	[0.2,0.5)	non-cCRE	non-CpG transition	3747530	3747530	577953.941	119066.213871	3714460	-580264.1752590943	4610346.124552707	45104	120608	30313	6756065	0.5546912292880545
SKNSH_skew	[0.2,0.5)	non-cCRE	non-CpG transversion	2739583	2739583	166294.772	17651.442118	2700434	-247407.40723523463	3089046.7735091425	38394	91804	25074	6756065	0.40549979906942873
SKNSH_skew	[0.2,0.5)	pELS	CpG transition	21322	21322	26894.913	48962.786809	21284	-9076.753998798551	83226.23045949232	1244	5986	6547	371326	0.05742124171213435
SKNSH_skew	[0.2,0.5)	pELS	non-CpG transition	194609	194609	29558.456	5877.593742	194401	26283.807019695163	595763.2305872052	14460	47660	39052	371326	0.5240920377242638
SKNSH_skew	[0.2,0.5)	pELS	non-CpG transversion	155395	155395	10316.97	1221.175916	155170	35208.69902823201	474704.6075072737	12523	40922	35106	371326	0.4184867205636018
SKNSH_skew	[0.5,1.0)	PLS	CpG transition	2269	2269	1696.828	2434.368944	2267	1297.5700033920587	15439.512629089477	420	839	1223	25775	0.08803103782735208
SKNSH_skew	[0.5,1.0)	PLS	non-CpG transition	11807	11807	1818.232	344.841014	11803	9449.319997555813	87058.38985872826	2347	4295	4586	25775	0.4580795344325897
SKNSH_skew	[0.5,1.0)	PLS	non-CpG transversion	11699	11699	900.963	122.877785	11691	8098.996995375261	81595.56407298337	2210	4308	4995	25775	0.4538894277400582
SKNSH_skew	[0.5,1.0)	dELS	CpG transition	32366	32366	63252.492999999995	136610.12557899999	32310	-28318.7469848306	122988.17316891447	676	3481	7331	523910	0.06177778626099903
SKNSH_skew	[0.5,1.0)	dELS	non-CpG transition	289869	289869	43793.189	8827.427049	289493	-24069.271973837887	688586.9068692607	13116	25360	47412	523910	0.5532801435361036
SKNSH_skew	[0.5,1.0)	dELS	non-CpG transversion	201675	201675	11779.478	1186.12018	201244	17559.33798329381	484726.6290232741	11061	18453	34561	523910	0.38494207020289745
SKNSH_skew	[0.5,1.0)	non-cCRE	CpG transition	62375	62375	133256.525	306779.498101	61788	-55608.095951236784	172355.60054357455	359	3403	1171	1294511	0.04818421782433676
SKNSH_skew	[0.5,1.0)	non-cCRE	non-CpG transition	733412	733412	107581.397	20632.509611	728018	-126793.19480986524	912184.1520200385	8183	26587	7128	1294511	0.566555247502725
SKNSH_skew	[0.5,1.0)	non-cCRE	non-CpG transversion	498724	498724	31105.718	3357.995546	491804	-47996.51681707847	564490.5125896025	6798	19565	6032	1294511	0.38526053467293825
SKNSH_skew	[0.5,1.0)	pELS	CpG transition	6018	6018	7631.098	14064.526724	6011	-1926.0659999503996	25206.538572213572	419	1710	1961	91825	0.06553770759597059
SKNSH_skew	[0.5,1.0)	pELS	non-CpG transition	47038	47038	7004.926	1342.409998	46995	9446.013029138676	160630.48144496253	3984	11834	10317	91825	0.5122570106180234
SKNSH_skew	[0.5,1.0)	pELS	non-CpG transversion	38769	38769	2662.203	329.173205	38709	11858.018979851278	136096.0180802285	3669	10632	9533	91825	0.42220528178600597
SKNSH_skew	[1.0,1.5)	PLS	CpG transition	376	376	272.783	384.026763	376	338.0510000521317	3296.2418905077084	84	132	223	5370	0.07001862197392923
SKNSH_skew	[1.0,1.5)	PLS	non-CpG transition	2674	2674	405.365	73.132247	2673	2243.6119981530364	20370.766132339668	540	956	1005	5370	0.49795158286778396
SKNSH_skew	[1.0,1.5)	PLS	non-CpG transversion	2320	2320	198.22	30.224424	2319	2137.3590033329097	19805.92851891075	516	880	947	5370	0.43202979515828677
SKNSH_skew	[1.0,1.5)	dELS	CpG transition	6837	6837	13466.98	29254.44695	6829	-5813.131002661771	25414.817161619267	157	758	1740	99559	0.06867284725640073
SKNSH_skew	[1.0,1.5)	dELS	non-CpG transition	54683	54683	7893.263	1469.889647	54595	-4088.308989431824	130305.14423873051	2515	4817	9315	99559	0.5492522022117539
SKNSH_skew	[1.0,1.5)	dELS	non-CpG transversion	38039	38039	2256.552	217.190122	37957	2851.796008304462	91125.60106325796	2080	3593	7043	99559	0.3820749505318454
SKNSH_skew	[1.0,1.5)	non-cCRE	CpG transition	10987	10987	23222.463	52468.125919000006	10896	-9784.057000072906	30107.357582561293	72	586	251	209212	0.05251610806263503
SKNSH_skew	[1.0,1.5)	non-cCRE	non-CpG transition	122964	122964	17266.453	3035.875199	122029	-26694.067976098733	162769.96903453517	1240	4768	1388	209212	0.5877483127162878
SKNSH_skew	[1.0,1.5)	non-cCRE	non-CpG transversion	75261	75261	4529.483	424.859403	74439	-7908.23896442354	90010.63187613086	1040	3198	1105	209212	0.3597355792210772
SKNSH_skew	[1.0,1.5)	pELS	CpG transition	1198	1198	1542.149	2898.7921589999996	1193	-257.11700099753205	5814.652524786742	96	363	426	18127	0.06608925911623545
SKNSH_skew	[1.0,1.5)	pELS	non-CpG transition	9340	9340	1343.924	241.259098	9336	2173.8429967171983	33294.53203363879	856	2436	2215	18127	0.5152534892701495
SKNSH_skew	[1.0,1.5)	pELS	non-CpG transversion	7589	7589	555.361	71.671117	7576	2628.9229985907436	28856.568154579123	779	2182	2078	18127	0.41865725161361506
SKNSH_skew	[1.5,Inf)	PLS	CpG transition	73	73	72.416	119.167048	73	32.399999648332596	449.38137842579584	16	23	39	1628	0.04484029484029484
SKNSH_skew	[1.5,Inf)	PLS	non-CpG transition	927	927	139.24	24.257566	927	915.7490017184756	8369.39661420165	220	355	352	1628	0.5694103194103194
SKNSH_skew	[1.5,Inf)	PLS	non-CpG transversion	628	628	61.332	10.655722	628	587.6620010840711	5380.660095861941	132	225	243	1628	0.3857493857493858
SKNSH_skew	[1.5,Inf)	dELS	CpG transition	1881	1881	3721.6659999999997	8030.1492260000005	1881	-1839.7219983292757	7382.479695445737	38	206	617	33013	0.056977554296792174
SKNSH_skew	[1.5,Inf)	dELS	non-CpG transition	19371	19371	2661.235	444.146671	19347	-1874.6109976602029	43531.941458247886	846	1719	3230	33013	0.586768848635386
SKNSH_skew	[1.5,Inf)	dELS	non-CpG transversion	11761	11761	731.187	71.546331	11735	652.7520001082449	28838.703225109464	623	1130	2146	33013	0.3562535970678218
SKNSH_skew	[1.5,Inf)	non-cCRE	CpG transition	2000	2000	4390.615	10305.059303	1987	-2266.9979985501855	7125.021154961766	13	129	89	66971	0.02986367233578713
SKNSH_skew	[1.5,Inf)	non-cCRE	non-CpG transition	39134	39134	5533.021	937.756547	38677	-9461.611990748675	52257.60427074164	350	1352	470	66971	0.5843424765943468
SKNSH_skew	[1.5,Inf)	non-cCRE	non-CpG transversion	25837	25837	1652.519	155.174421	25643	-3321.586988002294	29113.30259828308	280	1094	337	66971	0.3857938510698661
SKNSH_skew	[1.5,Inf)	pELS	CpG transition	288	288	410.782	825.4329720000001	288	-117.61499840626495	1200.1044383229919	19	75	105	5991	0.04807210816224337
SKNSH_skew	[1.5,Inf)	pELS	non-CpG transition	3305	3305	463.537	77.033823	3302	634.2989984136077	10669.5799981834	300	852	839	5991	0.5516608245701886
SKNSH_skew	[1.5,Inf)	pELS	non-CpG transversion	2398	2398	203.024	30.351988	2396	545.4339990529697	8098.228209091068	219	700	660	5991	0.400267067267568
mean_skew	(-Inf,-1.5)	PLS	CpG transition	1231	1231	1168.539	1943.267593	1231	3269.3510021776897	25575.623965370425	558	454	797	4082	0.30156785889269966
mean_skew	(-Inf,-1.5)	PLS	non-CpG transition	1187	1187	183.159	33.536805	1186	4352.4110050092	28644.33936754447	676	468	834	4082	0.2907888290053895
mean_skew	(-Inf,-1.5)	PLS	non-CpG transversion	1664	1664	121.169	13.491667	1662	5633.541996321759	38793.855935553234	909	630	1179	4082	0.40764331210191085
mean_skew	(-Inf,-1.5)	dELS	CpG transition	14032	14032	29798.38	69178.871986	14021	-11246.956999616117	50430.28346000841	366	1451	5267	38649	0.3630624336981552
mean_skew	(-Inf,-1.5)	dELS	non-CpG transition	12557	12557	1850.553	335.435241	12524	7579.218996405953	46150.11605372056	1345	1249	6159	38649	0.32489844497917153
mean_skew	(-Inf,-1.5)	dELS	non-CpG transversion	12060	12060	753.141	78.784055	12026	1643.9380019167438	40183.982323197015	906	1201	5547	38649	0.3120391213226733
mean_skew	(-Inf,-1.5)	non-cCRE	CpG transition	32868	32868	74047.288	177484.32119	32805	-30628.932963648476	89110.5105874666	92	1423	589	73072	0.449802934092402
mean_skew	(-Inf,-1.5)	non-cCRE	non-CpG transition	20702	20702	3439.024	678.360646	20360	1683.9040134887907	13073.297458867348	207	927	489	73072	0.2833096124370484
mean_skew	(-Inf,-1.5)	non-cCRE	non-CpG transversion	19502	19502	1280.063	137.585869	19253	-5780.657991890447	29286.3216821245	174	897	531	73072	0.2668874534705496
mean_skew	(-Inf,-1.5)	pELS	CpG transition	1976	1976	3309.264	7082.576132	1976	-33.95800479361753	11777.848336634825	205	492	921	5941	0.33260393873085337
mean_skew	(-Inf,-1.5)	pELS	non-CpG transition	1912	1912	295.413	54.684489	1912	2836.0659975432795	18108.815943117897	471	494	1127	5941	0.3218313415249958
mean_skew	(-Inf,-1.5)	pELS	non-CpG transversion	2053	2053	128.221	12.142301	2050	2353.766004528386	17968.832594825093	449	608	1154	5941	0.3455647197441508
mean_skew	[-0.05,0.05)	PLS	CpG transition	93075	93075	85345.007	133311.887025	92999	-27570.078982193038	433959.0769229538	7309	32037	39876	776399	0.11988037078873105
mean_skew	[-0.05,0.05)	PLS	non-CpG transition	371032	371032	53114.477	9750.584259	370779	134964.29294758264	1650271.324894403	43196	113056	105663	776399	0.47788830227756607
mean_skew	[-0.05,0.05)	PLS	non-CpG transversion	312292	312292	23041.053	3282.889277	311973	68698.52292564316	1468064.1428659323	34312	101340	104107	776399	0.4022313269337029
mean_skew	[-0.05,0.05)	dELS	CpG transition	3377617	3377617	6618574.917	14051276.320419	3372465	-2707415.4848272586	11651843.570654957	67386	293940	424831	44808536	0.07537887423949759
mean_skew	[-0.05,0.05)	dELS	non-CpG transition	25226647	25226647	3651882.191999992	720950.214856	25197906	3263210.357167375	53712251.16431491	1324779	1671032	2255260	44808536	0.562987529876004
mean_skew	[-0.05,0.05)	dELS	non-CpG transversion	16204272	16204272	944803.8020000004	126622.32316199996	16180196	2158499.0852664458	35772183.708061814	880111	1087000	1516348	44808536	0.36163359588449845
mean_skew	[-0.05,0.05)	non-cCRE	CpG transition	16738570	16738570	36204416.874	82893206.66627996	16581401	-13331976.82220553	40124971.90241964	89007	530687	100983	300125299	0.05577193943920069
mean_skew	[-0.05,0.05)	non-cCRE	non-CpG transition	171136042	171136042	26044896.523000214	5504380.580336891	169407964	-9806748.995797344	178022984.46743843	2450042	3528482	527897	300125299	0.5702153153040257
mean_skew	[-0.05,0.05)	non-cCRE	non-CpG transversion	112250687	112250687	6879695.923999997	1135556.9773360055	110656856	-5386881.365919189	118735098.11984491	1709620	2321111	375889	300125299	0.3740127452567736
mean_skew	[-0.05,0.05)	pELS	CpG transition	536500	536500	796276.824	1516195.619028	535946	-356485.32788157667	1746143.213055951	14233	126511	94743	6257649	0.08573507398705169
mean_skew	[-0.05,0.05)	pELS	non-CpG transition	3394315	3394315	484677.167	92695.749645	3391737	480052.50191691174	7481674.7785465	184111	684599	387343	6257649	0.5424265566828692
mean_skew	[-0.05,0.05)	pELS	non-CpG transversion	2326834	2326834	142678.534	19499.769456	2324301	257499.87797505347	5408929.093305122	127210	494625	302537	6257649	0.3718383693300791
mean_skew	[-0.2,-0.05)	PLS	CpG transition	88635	88635	78795.111	124356.356631	88543	-4691.648983156436	436976.0221763849	9284	30984	41579	415314	0.21341683641774659
mean_skew	[-0.2,-0.05)	PLS	non-CpG transition	156146	156146	23292.371	4333.823155	156047	119219.67497298318	919040.6539512672	27642	53823	62346	415314	0.37597095209889386
mean_skew	[-0.2,-0.05)	PLS	non-CpG transversion	170533	170533	13773.983	1967.814461	170352	85176.25399094437	972469.9131515888	26332	60789	75512	415314	0.4106122114833596
mean_skew	[-0.2,-0.05)	dELS	CpG transition	2467825	2467825	4980550.099	10966989.145485	2463529	-2106136.713886077	9018514.497627474	49967	234155	404154	12032884	0.20509006818315542
mean_skew	[-0.2,-0.05)	dELS	non-CpG transition	5323394	5323394	744519.073	135585.302665	5315895	1057550.8496238068	11676710.124667056	313387	419663	773966	12032884	0.4424038326971323
mean_skew	[-0.2,-0.05)	dELS	non-CpG transversion	4241665	4241665	265019.37	35022.769378	4233821	447315.2878087405	10001119.262419043	236746	340045	645362	12032884	0.35250609911971226
mean_skew	[-0.2,-0.05)	non-cCRE	CpG transition	7966982	7966982	17550716.159	41072384.866032995	7902742	-7122122.449169303	21312896.910262648	37154	313475	81124	43048644	0.18506929045198264
mean_skew	[-0.2,-0.05)	non-cCRE	non-CpG transition	18896381	18896381	2613223.307999996	497890.05325	18679631	-118226.69005642104	19428955.881929006	314657	513400	142093	43048644	0.4389541514942956
mean_skew	[-0.2,-0.05)	non-cCRE	non-CpG transversion	16185281	16185281	990053.9900000008	139720.85710599998	15931159	-986493.4408011042	18415454.623270053	260515	451535	132673	43048644	0.37597655805372177
mean_skew	[-0.2,-0.05)	pELS	CpG transition	402642	402642	601021.576	1177301.494106	402158	-250554.96292997323	1388372.8565854437	13497	99651	89366	1898261	0.21211097947015717
mean_skew	[-0.2,-0.05)	pELS	non-CpG transition	791981	791981	112639.901	20522.623493	791241	249867.14598132603	2140823.2950117267	61535	184776	157616	1898261	0.4172139658350459
mean_skew	[-0.2,-0.05)	pELS	non-CpG transversion	703638	703638	48600.852	6839.63709	702651	126714.66899284636	2007070.9956783704	50807	172970	154683	1898261	0.370675054694797
mean_skew	[-0.5,-0.2)	PLS	CpG transition	31495	31495	26115.403	40198.629286999996	31471	17028.641997385304	218048.91753046887	5729	11545	17213	154097	0.20438425147796518
mean_skew	[-0.5,-0.2)	PLS	non-CpG transition	54353	54353	8863.303	1858.765703	54326	77441.8519702961	496549.8628061314	15389	19936	27662	154097	0.3527193910329208
mean_skew	[-0.5,-0.2)	PLS	non-CpG transversion	68249	68249	5650.2300000000005	841.262428	68203	74515.56998784925	538744.2443876057	16431	25653	36951	154097	0.442896357489114
mean_skew	[-0.5,-0.2)	dELS	CpG transition	572120	572120	1157322.6030000001	2570441.928707	571133	-486241.4689125603	2080725.9470007757	12378	60610	139728	2448537	0.2336578944896483
mean_skew	[-0.5,-0.2)	dELS	non-CpG transition	982580	982580	149588.316	30403.130198	981117	219158.41178114252	2488813.8536387305	65622	87739	233002	2448537	0.401292690288119
mean_skew	[-0.5,-0.2)	dELS	non-CpG transversion	893837	893837	59108.985	8204.306203	891989	91462.2140012554	2355139.61479306	54385	82967	218153	2448537	0.3650494152222327
mean_skew	[-0.5,-0.2)	non-cCRE	CpG transition	1426054	1426054	3072777.908	7071964.711204	1417598	-1302614.6757365458	3773402.5454960247	5558	65411	21104	5379211	0.26510467799088006
mean_skew	[-0.5,-0.2)	non-cCRE	non-CpG transition	1985358	1985358	312242.292	67520.98394800001	1967215	-95836.34452367992	2177227.192886167	30953	71042	32030	5379211	0.36907977768486866
mean_skew	[-0.5,-0.2)	non-cCRE	non-CpG transversion	1967799	1967799	135784.688	20163.119592	1942569	-271817.11829714756	2473190.2525489805	28475	72307	34265	5379211	0.3658155443242513
mean_skew	[-0.5,-0.2)	pELS	CpG transition	97119	97119	141715.904	277846.99835199997	96998	-46181.57097074562	367528.3563050808	4965	25525	30043	427421	0.22722093673450766
mean_skew	[-0.5,-0.2)	pELS	non-CpG transition	162334	162334	25532.798	5236.720746	162159	84667.59497265378	632885.4097481355	19080	42072	51504	427421	0.37979884001955916
mean_skew	[-0.5,-0.2)	pELS	non-CpG transversion	167968	167968	12589.527	1930.083939	167672	63963.992996360874	660386.5407905194	18162	46251	57395	427421	0.3929802232459332
mean_skew	[-1.0,-0.5)	PLS	CpG transition	11633	11633	9967.101	15525.868478999999	11628	15283.6399916195	128107.10841617937	3391	4411	7182	52994	0.21951541683964224
mean_skew	[-1.0,-0.5)	PLS	non-CpG transition	17876	17876	3078.054	709.836554	17868	42390.55100091814	261746.6783030247	7544	6771	10958	52994	0.3373212061742839
mean_skew	[-1.0,-0.5)	PLS	non-CpG transversion	23485	23485	1835.101	235.413343	23468	45103.97897903192	287358.929251986	8467	9074	14586	52994	0.4431633769860739
mean_skew	[-1.0,-0.5)	dELS	CpG transition	162325	162325	329015.077	735320.538405	162022	-128769.9579857982	615333.5546153107	4517	17812	55394	615611	0.2636811233067635
mean_skew	[-1.0,-0.5)	dELS	non-CpG transition	237136	237136	37768.097	8177.885565	236794	94598.96790480804	834308.180757893	22404	22539	83107	615611	0.3852042929707234
mean_skew	[-1.0,-0.5)	dELS	non-CpG transversion	216150	216150	14063.288	1705.52454	215701	39281.57397429646	696274.7344776669	16372	21588	77257	615611	0.3511145837225131
mean_skew	[-1.0,-0.5)	non-cCRE	CpG transition	280200	280200	625658.98	1494244.392546	278498	-251235.93275860013	760171.5795013735	1373	13990	6388	914992	0.3062321856365957
mean_skew	[-1.0,-0.5)	non-cCRE	non-CpG transition	319072	319072	55807.033	13653.397531	316193	-13549.876903305878	375755.67277305	5351	13049	8185	914992	0.348715617185724
mean_skew	[-1.0,-0.5)	non-cCRE	non-CpG transversion	315720	315720	21496.421	2690.584643	312383	-53210.63284171047	426113.87112422165	4456	14038	8658	914992	0.34505219717768026
mean_skew	[-1.0,-0.5)	pELS	CpG transition	26419	26419	38882.117000000006	76879.352437	26386	-7209.724991910278	123440.03388519319	2053	7161	10634	106801	0.24736659769103286
mean_skew	[-1.0,-0.5)	pELS	non-CpG transition	39019	39019	6446.466	1421.373182	38964	35523.72899084888	241861.19867038063	6959	10590	16846	106801	0.3653430211327609
mean_skew	[-1.0,-0.5)	pELS	non-CpG transversion	41363	41363	3011.094	391.138518	41275	28172.82101436915	228765.0953416079	6424	12030	18679	106801	0.38729038117620623
mean_skew	[-1.5,-1.0)	PLS	CpG transition	2998	2998	2633.453	4272.940843	2997	6900.210006385577	51199.147970521226	1266	1179	2005	12484	0.2401473886574816
mean_skew	[-1.5,-1.0)	PLS	non-CpG transition	4317	4317	722.844	159.534072	4309	13633.10897966649	87414.59127619192	2267	1659	2918	12484	0.3458026273630247
mean_skew	[-1.5,-1.0)	PLS	non-CpG transversion	5169	5169	378.103	42.176879	5161	14130.566989765512	91066.71401613232	2452	2162	3542	12484	0.4140499839794938
mean_skew	[-1.5,-1.0)	dELS	CpG transition	33981	33981	71431.58	164828.487306	33920	-24255.681999047978	126403.31273960015	1122	3824	13077	123532	0.2750785221642975
mean_skew	[-1.5,-1.0)	dELS	non-CpG transition	47534	47534	7678.686	1692.580858	47428	25159.84799018049	193464.52592649552	5155	4644	20885	123532	0.3847909853317359
mean_skew	[-1.5,-1.0)	dELS	non-CpG transversion	42017	42017	2565.624	261.81333	41911	10000.124007057637	144211.74686345513	3375	4311	18194	123532	0.3401304925039666
mean_skew	[-1.5,-1.0)	non-cCRE	CpG transition	66265	66265	152833.78300000002	374820.689033	65945	-58843.983912278796	175224.96794705794	311	3318	1382	194316	0.3410166944564524
mean_skew	[-1.5,-1.0)	non-cCRE	non-CpG transition	66184	66184	11673.767	2691.202547	65324	928.1260391813712	59637.15547509148	856	2852	1670	194316	0.34059984767080426
mean_skew	[-1.5,-1.0)	non-cCRE	non-CpG transversion	61867	61867	3744.703	372.660817	61003	-9180.697966132197	73277.90785437541	677	2880	1630	194316	0.31838345787274336
mean_skew	[-1.5,-1.0)	pELS	CpG transition	5411	5411	8424.368	17263.722506000002	5407	-637.0069976518857	32134.987223679127	562	1474	2355	20485	0.26414449597266293
mean_skew	[-1.5,-1.0)	pELS	non-CpG transition	7588	7588	1261.577	278.855377	7573	9313.398017167698	60425.116469647815	1658	2135	3835	20485	0.37041737856968515
mean_skew	[-1.5,-1.0)	pELS	non-CpG transversion	7486	7486	484.403	49.025121	7472	7067.311997826445	52539.58491068258	1453	2123	3918	20485	0.3654381254576519
mean_skew	[0.05,0.2)	PLS	CpG transition	23592	23592	17646.171000000002	23988.804845	23571	-1586.5010088762506	125697.88730596213	2561	8794	11920	313022	0.07536850445016645
mean_skew	[0.05,0.2)	PLS	non-CpG transition	152992	152992	23368.608	4785.837694	152894	46428.1979923453	794111.0567111544	19797	51203	51623	313022	0.4887579786724256
mean_skew	[0.05,0.2)	PLS	non-CpG transversion	136438	136438	10061.648	1314.60904	136315	41633.19497675625	717377.054733441	17738	48564	52620	313022	0.435873516877408
mean_skew	[0.05,0.2)	dELS	CpG transition	408332	408332	761509.357	1560245.4562789998	407591	-347277.1739615418	1479685.8676005227	8124	42409	70798	11148116	0.03662789300003696
mean_skew	[0.05,0.2)	dELS	non-CpG transition	6559907	6559907	1075601.147	256529.292603	6551998	-629555.3053942102	15850283.174901674	287462	494023	760741	11148116	0.5884318928866545
mean_skew	[0.05,0.2)	dELS	non-CpG transversion	4179877	4179877	238459.3	24199.136616	4172894	351746.29865870945	9304486.345706018	213621	323822	509971	11148116	0.37494021411330847
mean_skew	[0.05,0.2)	non-cCRE	CpG transition	1236282	1236282	2587856.9439999997	5774087.299816	1225909	-1023281.5621908705	3110631.4502998195	6709	52762	13839	46499324	0.026587096190903766
mean_skew	[0.05,0.2)	non-cCRE	non-CpG transition	26686511	26686511	4462869.476999991	1059913.4586910005	26409717	-4430064.027446364	33937799.634014815	331862	704077	146939	46499324	0.5739118056856052
mean_skew	[0.05,0.2)	non-cCRE	non-CpG transversion	18576531	18576531	1157056.8380000012	137770.42244199995	18313971	-1611363.166966969	20252257.12934278	252937	489867	107520	46499324	0.399501098123491
mean_skew	[0.05,0.2)	pELS	CpG transition	75553	75553	97837.82999999999	174919.206188	75468	-42750.08098825997	265749.65940740635	3028	20461	19677	1699282	0.044461719714561795
mean_skew	[0.05,0.2)	pELS	non-CpG transition	949375	949375	149955.179	33518.394481	948581	-4730.235072828028	2546190.733919812	53246	212975	147159	1699282	0.5586918474979432
mean_skew	[0.05,0.2)	pELS	non-CpG transversion	674354	674354	41522.877	4634.628729	673522	89075.92306744288	1742021.3544473276	42295	161902	119407	1699282	0.39684643278749493
mean_skew	[0.2,0.5)	PLS	CpG transition	7467	7467	5426.3369999999995	7418.889123	7461	1705.5159989794479	43845.23012328711	1077	2842	3941	89984	0.08298141891891891
mean_skew	[0.2,0.5)	PLS	non-CpG transition	40277	40277	6042.093	1146.826647	40258	24457.7249934466	256373.1812097645	6992	14230	15783	89984	0.4476017958748222
mean_skew	[0.2,0.5)	PLS	non-CpG transversion	42240	42240	3234.27	435.157416	42204	23112.024980744947	255534.63290146543	7006	15565	18049	89984	0.4694167852062589
mean_skew	[0.2,0.5)	dELS	CpG transition	104305	104305	198348.36	416685.029748	104071	-91361.53998551588	394395.2835678939	2192	11424	21741	1965104	0.05307861568649802
mean_skew	[0.2,0.5)	dELS	non-CpG transition	1082974	1082974	167277.385	35505.088867	1081471	-83262.43398473632	2569764.266988375	48424	92469	167560	1965104	0.5511026388425244
mean_skew	[0.2,0.5)	dELS	non-CpG transversion	777825	777825	45100.145	4519.252661	776385	54311.71397030808	1790471.4481099711	40527	69114	124017	1965104	0.3958187454709776
mean_skew	[0.2,0.5)	non-cCRE	CpG transition	234173	234173	497881.147	1129088.728905	232129	-207187.58584337472	640265.4222256489	1338	11929	3721	5465663	0.0428443905158441
mean_skew	[0.2,0.5)	non-cCRE	non-CpG transition	2976918	2976918	460731.728	97703.7197	2951261	-517192.1924423985	3774896.532534152	34807	100042	27313	5465663	0.5446581686430356
mean_skew	[0.2,0.5)	non-cCRE	non-CpG transversion	2254572	2254572	138703.301	15337.380927	2227190	-202583.71539084957	2538581.3388146	31433	79329	23085	5465663	0.4124974408411203
mean_skew	[0.2,0.5)	pELS	CpG transition	20737	20737	25989.922	46841.149848	20703	-9141.849002157103	78275.39717226465	1127	5888	6406	341026	0.060807680352817674
mean_skew	[0.2,0.5)	pELS	non-CpG transition	174384	174384	26330.185	5278.7292370000005	174196	22682.42702670734	537114.2246375032	12982	43520	36911	341026	0.5113510406831151
mean_skew	[0.2,0.5)	pELS	non-CpG transversion	145905	145905	9684.644	1157.467418	145705	33446.38102005098	456540.2951862703	11928	39276	34796	341026	0.42784127896406726
mean_skew	[0.5,1.0)	PLS	CpG transition	1913	1913	1437.464	2023.2444300000002	1913	1002.8610037282342	12835.147949965207	341	706	1042	22082	0.08663164568426773
mean_skew	[0.5,1.0)	PLS	non-CpG transition	9786	9786	1468.843	275.533707	9783	7259.220988059421	68604.41889802927	1883	3511	3792	22082	0.443166379856897
mean_skew	[0.5,1.0)	PLS	non-CpG transversion	10383	10383	838.629	121.283647	10377	7573.333001829333	72187.90070608405	1989	3885	4605	22082	0.47020197445883527
mean_skew	[0.5,1.0)	dELS	CpG transition	28356	28356	54881.431	117307.615567	28312	-24946.92498478316	107221.26489738587	593	3106	6579	430562	0.06585811102698334
mean_skew	[0.5,1.0)	dELS	non-CpG transition	234910	234910	35281.405	7142.077963	234591	-29735.40596504358	552819.5230124618	9970	21079	41128	430562	0.5455892531156953
mean_skew	[0.5,1.0)	dELS	non-CpG transversion	167296	167296	9913.697	1028.508501	166996	8736.029008162095	393431.4300530533	8636	15936	30758	430562	0.38855263585732136
mean_skew	[0.5,1.0)	non-cCRE	CpG transition	46733	46733	99641.341	228196.078229	46312	-41281.688983745415	131915.75817515765	319	2568	1118	979565	0.04770791116464961
mean_skew	[0.5,1.0)	non-cCRE	non-CpG transition	546559	546559	80516.501	15545.169779	542615	-108315.87986771614	699038.1409554724	5688	20572	6120	979565	0.557960931638023
mean_skew	[0.5,1.0)	non-cCRE	non-CpG transversion	386273	386273	24995.193	2957.261435	382332	-39158.67782431736	439485.9213526611	5054	16161	5417	979565	0.39433115719732736
mean_skew	[0.5,1.0)	pELS	CpG transition	5405	5405	6722.025	12258.192491	5395	-1491.1110013986483	22872.529249450454	386	1571	1775	78971	0.06844284610806499
mean_skew	[0.5,1.0)	pELS	non-CpG transition	39223	39223	5763.171	1098.360019	39183	6284.80501905689	130433.39284326708	3201	9964	9141	78971	0.496675994985501
mean_skew	[0.5,1.0)	pELS	non-CpG transversion	34343	34343	2444.327	318.228331	34278	10078.491980072811	120793.14398161114	3299	9808	9316	78971	0.43488115890643403
mean_skew	[1.0,1.5)	PLS	CpG transition	233	233	175.704	253.144038	233	135.6169985225424	1761.3959630305408	48	84	127	3724	0.0625671321160043
mean_skew	[1.0,1.5)	PLS	non-CpG transition	1766	1766	259.498	45.781238	1765	1405.822004129761	13002.92122682714	347	639	643	3724	0.47422126745435017
mean_skew	[1.0,1.5)	PLS	non-CpG transversion	1725	1725	158.923	26.105675	1723	1510.3470022248798	13208.066104275698	358	627	727	3724	0.46321160042964554
mean_skew	[1.0,1.5)	dELS	CpG transition	5222	5222	10203.747000000001	21906.860855	5220	-4682.5469960705395	20134.521017709987	123	578	1396	75485	0.06917930714711532
mean_skew	[1.0,1.5)	dELS	non-CpG transition	40737	40737	5659.579	1000.470757	40675	-5293.162993261939	93452.34314484971	1659	3608	7080	75485	0.5396701331390342
mean_skew	[1.0,1.5)	dELS	non-CpG transversion	29526	29526	1807.1	179.840292	29456	1091.0750029060298	70042.28129487467	1535	2949	5714	75485	0.39115055971385043
mean_skew	[1.0,1.5)	non-cCRE	CpG transition	5255	5255	11163.108	25466.115946	5222	-4907.674997984665	16317.620096862676	52	335	192	152195	0.03452807253851966
mean_skew	[1.0,1.5)	non-cCRE	non-CpG transition	89242	89242	12271.877	2078.374651	88488	-22978.234983453753	120409.39608514648	766	3788	1096	152195	0.5863661749728966
mean_skew	[1.0,1.5)	non-cCRE	non-CpG transversion	57698	57698	3660.093	360.567317	57117	-8515.380978054134	69856.53092997671	699	2697	934	152195	0.37910575248858375
mean_skew	[1.0,1.5)	pELS	CpG transition	895	895	1116.655	2082.976689	894	-251.5079995080597	4017.9670908319663	60	263	331	14615	0.06123845364351693
mean_skew	[1.0,1.5)	pELS	non-CpG transition	7225	7225	1012.13	177.683958	7221	885.6080008120044	22350.249868075636	564	1977	1805	14615	0.4943551146082792
mean_skew	[1.0,1.5)	pELS	non-CpG transversion	6495	6495	509.868	69.45625	6483	1710.8400021810085	21555.79171422879	598	1862	1887	14615	0.4444064317482039
mean_skew	[1.5,Inf)	PLS	CpG transition	26	26	31.262	57.802276	26	2.0409997850656367	126.37158539604897	3	8	15	817	0.03182374541003672
mean_skew	[1.5,Inf)	PLS	non-CpG transition	451	451	65.68900000000001	11.016957	451	272.5660010057036	2820.5550980136572	80	156	187	817	0.5520195838433293
mean_skew	[1.5,Inf)	PLS	non-CpG transversion	340	340	33.910000000000004	5.840762	340	259.0559993432835	1925.7564486715612	55	111	129	817	0.41615667074663404
mean_skew	[1.5,Inf)	dELS	CpG transition	828	828	1629.3899999999999	3487.760056	828	-718.1880007321016	3587.3401540341233	21	102	251	20976	0.039473684210526314
mean_skew	[1.5,Inf)	dELS	non-CpG transition	12949	12949	1734.345	278.59396300000003	12932	-2146.747998983134	27824.115950584997	475	1201	2051	20976	0.6173245614035088
mean_skew	[1.5,Inf)	dELS	non-CpG transversion	7199	7199	461.396	47.399002	7183	-321.10599458508693	17239.169011902355	314	741	1330	20976	0.3432017543859649
mean_skew	[1.5,Inf)	non-cCRE	CpG transition	533	533	1145.634	2658.5346019999997	530	-557.2719982229177	1969.7463624233596	7	43	27	42330	0.012591542641152847
mean_skew	[1.5,Inf)	non-cCRE	non-CpG transition	28233	28233	3840.008	628.475504	27940	-9684.312000834036	42586.88340104978	203	1049	322	42330	0.6669737774627923
mean_skew	[1.5,Inf)	non-cCRE	non-CpG transversion	13564	13564	869.248	85.225562	13464	-2401.6679888713415	17053.576053117853	161	693	245	42330	0.3204346798960548
mean_skew	[1.5,Inf)	pELS	CpG transition	153	153	199.252	382.60448399999996	153	-38.602999183815015	567.6395903141365	12	44	59	4251	0.03599153140437544
mean_skew	[1.5,Inf)	pELS	non-CpG transition	2346	2346	319.032	51.185924	2344	355.2670014118776	6839.724284839617	196	610	569	4251	0.5518701482004235
mean_skew	[1.5,Inf)	pELS	non-CpG transversion	1752	1752	157.632	24.234186	1749	462.8370000985451	5787.852946718644	159	540	529	4251	0.41213832039520115
