skew_type	skew_bin	ccre_class	af_class	n	n_MR	sum_MR	sum_MR_sq	n_phyloP	sum_phyloP	sum_phyloP_sq	n_conserved	n_tf_chip_peak	n_tf_footprint	phyloP_mean
mean_skew	(-Inf,-1.5)	PLS	COMMON	29	29	15.942	22.165076	29	9.544999695848666	133.8870632247309	4	13	15	NA
mean_skew	(-Inf,-1.5)	PLS	LOW_FREQ	79	79	62.291	127.826517	79	104.62299986556172	938.1268178649916	19	29	45	1.3243417704501483
mean_skew	(-Inf,-1.5)	PLS	RARE	219	219	146.008	261.459812	219	433.3240001916421	3230.2218585286923	82	73	128	1.978648402701562
mean_skew	(-Inf,-1.5)	PLS	SINGLETON	2243	2243	559.442	514.489644	2240	8037.928998733987	56251.958801931025	1261	872	1588	3.5883611601491014
mean_skew	(-Inf,-1.5)	PLS	ULTRARARE	1512	1512	689.184	1064.355016	1512	4669.883005021608	32459.62472691866	777	565	1034	3.0885469609931273
mean_skew	(-Inf,-1.5)	dELS	COMMON	919	919	1051.126	2331.740744	917	-477.1810007130263	2552.618540133949	29	99	331	-0.520371865554009
mean_skew	(-Inf,-1.5)	dELS	LOW_FREQ	1261	1261	1713.685	3975.933189	1260	-585.4710012507859	3730.132418850892	47	124	505	-0.464659524802211
mean_skew	(-Inf,-1.5)	dELS	RARE	3410	3410	4828.577	11258.631981	3399	-1376.932999935583	12641.877834437058	168	319	1361	-0.4050994409931106
mean_skew	(-Inf,-1.5)	dELS	SINGLETON	16186	16185	5894.013	10010.919199	16149	4076.143002013211	57855.92090339721	1408	1639	7587	0.2524083845447527
mean_skew	(-Inf,-1.5)	dELS	ULTRARARE	16875	16874	18914.673	42015.866169	16848	-3659.965001385657	59984.297445139215	965	1720	7190	-0.2172343899208011
mean_skew	(-Inf,-1.5)	non-cCRE	COMMON	2191	2190	3109.447	7180.890799	2170	-1612.8919985534171	4822.079865427334	3	107	35	-0.7432682020983489
mean_skew	(-Inf,-1.5)	non-cCRE	LOW_FREQ	2839	2838	4586.357	11165.421247	2828	-2042.2009990839276	6656.457390883399	12	106	46	-0.722136138289932
mean_skew	(-Inf,-1.5)	non-cCRE	RARE	8081	8077	13785.595	33508.877868999996	8033	-6115.469991708524	19251.593040850465	30	344	142	-0.761293413632332
mean_skew	(-Inf,-1.5)	non-cCRE	SINGLETON	26299	26288	11760.333	21276.997981	26003	-5409.295984567028	33915.84257844594	250	1215	742	-0.20802584257843434
mean_skew	(-Inf,-1.5)	non-cCRE	ULTRARARE	33695	33679	45524.643	105168.079809	33417	-19571.613968515656	66933.97863081307	178	1477	644	-0.5856783663559163
mean_skew	(-Inf,-1.5)	pELS	COMMON	99	99	101.257	210.521523	99	-39.74200042709708	294.35186485656345	3	24	39	-0.4014343477484554
mean_skew	(-Inf,-1.5)	pELS	LOW_FREQ	144	144	142.335	306.747921	144	74.10199967771773	799.7737171954473	23	28	70	0.5145972199841509
mean_skew	(-Inf,-1.5)	pELS	RARE	458	458	472.013	1010.492583	458	119.3629995919764	2324.866703347221	51	120	221	0.2606179030392498
mean_skew	(-Inf,-1.5)	pELS	SINGLETON	2731	2731	886.278	1271.870876	2729	3346.723999000157	26225.340716436855	630	780	1559	1.2263554411873057
mean_skew	(-Inf,-1.5)	pELS	ULTRARARE	2509	2509	2131.015	4349.770019	2508	1655.4269994352946	18211.16387274172	418	642	1313	0.6600586122150298
mean_skew	[-0.05,0.05)	PLS	COMMON	14398	14373	3695.203	4282.883263	14374	-3368.7640061657853	59711.29288405781	916	5032	4237	-0.23436510408833905
mean_skew	[-0.05,0.05)	PLS	LOW_FREQ	17796	17715	5207.09	6637.59102	17769	-261.56100929540077	77885.475261778	1480	5587	5680	-0.014720074809803634
mean_skew	[-0.05,0.05)	PLS	RARE	47974	46320	14209.142	18262.80389	47907	1607.1070058539058	236117.36766955888	4534	15547	15022	0.03354639208996401
mean_skew	[-0.05,0.05)	PLS	SINGLETON	410874	410459	64281.244	36164.319818	410601	126643.11489157286	1821204.2884519496	46898	129768	130923	0.30843352766206816
mean_skew	[-0.05,0.05)	PLS	ULTRARARE	290392	287532	74107.85800000001	80997.76256999999	290134	51054.4510111612	1370325.536526631	31222	93008	94109	0.17596852148028566
mean_skew	[-0.05,0.05)	dELS	COMMON	938981	938586	330472.096	515974.981236	937525	-218549.5009614687	2098424.092600526	30578	79547	88180	-0.23311325133886424
mean_skew	[-0.05,0.05)	dELS	LOW_FREQ	1083914	1083355	458929.567	794406.621311	1082117	-100426.30905400576	2501366.4612244745	45436	74612	105628	-0.09280540741343658
mean_skew	[-0.05,0.05)	dELS	RARE	2732483	2731121	1288353.051	2309065.990995	2728028	-246960.4411281867	6615517.474588014	120021	189700	269307	-0.09052709177771881
mean_skew	[-0.05,0.05)	dELS	SINGLETON	23788997	23784062	3446476.451999995	2401815.342230002	23760337	3335872.399961265	51672228.37692633	1287782	1587506	2178885	0.14039667871551084
mean_skew	[-0.05,0.05)	dELS	ULTRARARE	16275589	16271412	5691029.745	8877585.922664996	16253219	-58424.897215240235	38259450.73393784	788492	1121539	1555465	-0.0035946662144428275
mean_skew	[-0.05,0.05)	non-cCRE	COMMON	6756585	6750031	2358808.747	3866124.131883	6681957	-2354442.452265195	9994150.251554454	64855	184983	21676	-0.35235821665197714
mean_skew	[-0.05,0.05)	non-cCRE	LOW_FREQ	7552031	7543392	3097836.881	5630403.286584999	7441417	-1627908.8452249817	9904319.690307802	89118	163847	25751	-0.21876328731812525
mean_skew	[-0.05,0.05)	non-cCRE	RARE	18765390	18744677	8634668.970999999	16357172.362945013	18473431	-4049496.711595069	24954500.16118036	226952	414227	65318	-0.21920653026473907
mean_skew	[-0.05,0.05)	non-cCRE	SINGLETON	158920606	158864337	21492458.530999996	12361508.164721144	157262336	-5664589.250048489	163127293.59466228	2418887	3286622	522025	-0.036019999410720246
mean_skew	[-0.05,0.05)	non-cCRE	ULTRARARE	108282032	108222862	33545236.191000003	51317936.27781896	106879577	-14855524.864773652	129000141.11105186	1449166	2335951	372192	-0.13899311058064584
mean_skew	[-0.05,0.05)	pELS	COMMON	124469	124362	37615.538	51894.260666	124304	-30890.98495918396	290726.89168623614	3993	29319	14918	-0.24851159221894678
mean_skew	[-0.05,0.05)	pELS	LOW_FREQ	145894	145767	52105.611	79605.703385	145601	-13794.485994701856	353066.8444368415	6035	29750	18251	-0.09474169816623414
mean_skew	[-0.05,0.05)	pELS	RARE	373150	372531	144149.94	228083.180678	372589	-28898.268015522262	956085.551604416	16992	77384	47582	-0.0775607117105504
mean_skew	[-0.05,0.05)	pELS	SINGLETON	3347989	3346094	499844.03	326058.865952	3345446	441544.9258854584	7528685.858261446	185040	695977	415839	0.1319838747615291
mean_skew	[-0.05,0.05)	pELS	ULTRARARE	2272368	2268895	689917.406	942749.127448	2269997	11604.611099602584	5519408.375857963	113616	475788	288512	0.005112170236173256
mean_skew	[-0.2,-0.05)	PLS	COMMON	6917	6907	2529.386	3484.332968	6904	-1221.4529924193637	28056.68232209679	519	2675	2630	-0.1769196107212288
mean_skew	[-0.2,-0.05)	PLS	LOW_FREQ	9620	9611	3976.717	5907.046721	9604	1440.9520117762731	49564.06936667088	1133	3330	3993	0.1500366526214362
mean_skew	[-0.2,-0.05)	PLS	RARE	26670	26462	11591.338	17696.732808	26624	7313.466999594237	144213.90927106826	3544	9323	11272	0.2746945237227403
mean_skew	[-0.2,-0.05)	PLS	SINGLETON	213568	213392	41876.333	30385.454925	213415	126865.7909916769	1206382.0645009954	34653	75327	92998	0.5944558301510058
mean_skew	[-0.2,-0.05)	PLS	ULTRARARE	159465	158942	55887.691	73184.426825	159319	65105.44796857377	902739.5316316022	23450	55398	68646	0.4086483593832108
mean_skew	[-0.2,-0.05)	dELS	COMMON	278394	278255	200195.509	396465.810935	277893	-115124.62499263734	731500.1694475929	8024	27702	40768	-0.4142768079535553
mean_skew	[-0.2,-0.05)	dELS	LOW_FREQ	337834	337653	293003.367	620114.326063	337082	-103660.9800077706	919496.4420480886	12163	28237	52180	-0.3075245192794946
mean_skew	[-0.2,-0.05)	dELS	RARE	892803	892284	854078.337	1834003.205259	890892	-280993.01795013127	2550630.8489884464	34438	75516	139951	-0.31540637692350054
mean_skew	[-0.2,-0.05)	dELS	SINGLETON	5761379	5759965	1258390.195	1560286.611137	5752658	699841.893647804	13586777.71186468	329040	463008	856505	0.12165539714820593
mean_skew	[-0.2,-0.05)	dELS	ULTRARARE	4766211	4764727	3384421.134	6726727.264134	4757892	-802246.5601523755	12911494.88325361	216452	399718	734694	-0.16861386516389518
mean_skew	[-0.2,-0.05)	non-cCRE	COMMON	1119489	1118287	844285.768	1791535.19825	1106032	-563317.6295593904	2061066.389948441	9538	41204	7992	-0.5093140429566146
mean_skew	[-0.2,-0.05)	non-cCRE	LOW_FREQ	1288423	1286427	1185714.901	2695997.156175	1267197	-524408.422469524	2226607.6094076247	13252	38715	10352	-0.41383338381445345
mean_skew	[-0.2,-0.05)	non-cCRE	RARE	3358744	3354021	3436814.964	7916043.188558	3302754	-1445334.0606092596	6018484.321187523	34462	104590	27340	-0.43761480891681903
mean_skew	[-0.2,-0.05)	non-cCRE	SINGLETON	20536190	20524380	3996342.163999994	4864444.433794003	20295664	-947674.6430034908	23133162.049249187	341725	579865	168473	-0.04669345348856242
mean_skew	[-0.2,-0.05)	non-cCRE	ULTRARARE	16778842	16765529	11690835.659999996	24441975.799612004	16556897	-4750544.942385264	25733639.945109542	213403	515092	142937	-0.28692241924228096
mean_skew	[-0.2,-0.05)	pELS	COMMON	39070	39029	21627.108	37748.288628	38998	-12949.404999810858	105167.41037425004	1360	10058	7181	-0.33205305399791935
mean_skew	[-0.2,-0.05)	pELS	LOW_FREQ	48756	48703	32264.798	60986.950944	48634	-8977.21298751445	147057.97128524235	2363	11236	9929	-0.1845871815502416
mean_skew	[-0.2,-0.05)	pELS	RARE	130120	129885	93558.42	179640.712852	129853	-22933.93198848737	398890.04376545	6770	29978	26781	-0.17661457177336964
mean_skew	[-0.2,-0.05)	pELS	SINGLETON	944733	944198	207303.569	215843.005703	943845	193854.82797306209	2661781.9883588688	69810	231039	202571	0.20538841438272396
mean_skew	[-0.2,-0.05)	pELS	ULTRARARE	737430	736446	407508.434	710444.7965620001	736478	-23580.65695328253	2226660.6881401604	45545	175843	155550	-0.032018141686897005
mean_skew	[-0.5,-0.2)	PLS	COMMON	2236	2233	785.682	1047.743572	2233	234.3319994235644	11704.513565526526	261	971	1003	0.10494043861332934
mean_skew	[-0.5,-0.2)	PLS	LOW_FREQ	3321	3318	1311.647	1920.631891	3318	1919.2839989573697	19336.02906417189	595	1218	1686	0.5784460515242223
mean_skew	[-0.5,-0.2)	PLS	RARE	9396	9378	3807.806	5526.674756	9388	7619.168004850626	68892.51564700482	1925	3489	4871	0.8115858547987458
mean_skew	[-0.5,-0.2)	PLS	SINGLETON	80382	80336	15381.302	10253.372736	80333	99534.7879764672	683670.3927708939	20925	29724	43161	1.2390273981609947
mean_skew	[-0.5,-0.2)	PLS	ULTRARARE	58920	58832	19342.499	24150.234463	58886	59702.323975893785	470115.0702844075	13852	21785	31153	1.0138627853121929
mean_skew	[-0.5,-0.2)	dELS	COMMON	56575	56551	45088.092	90977.320402	56450	-26604.031973134388	150426.44345485122	1554	6372	12254	-0.4712848888066322
mean_skew	[-0.5,-0.2)	dELS	LOW_FREQ	70862	70828	67221.951	144839.945043	70700	-24008.057008821517	200807.1111881089	2641	6621	16767	-0.339576478201153
mean_skew	[-0.5,-0.2)	dELS	RARE	190084	189984	197697.244	429841.654344	189695	-67957.8799860353	581796.1667353894	7758	18227	46245	-0.35824813509072617
mean_skew	[-0.5,-0.2)	dELS	SINGLETON	1138936	1138587	276363.733	363083.588017	1137073	139793.07191256774	3047025.4072405617	71961	105095	273694	0.12294115849428114
mean_skew	[-0.5,-0.2)	dELS	ULTRARARE	992901	992587	779648.884	1580306.857302	991074	-197130.1120749415	2945523.111974937	48472	95072	242096	-0.19890554295132504
mean_skew	[-0.5,-0.2)	non-cCRE	COMMON	147341	147195	137517.216	293676.633498	145937	-91724.2239142574	303510.6404650874	936	6781	1876	-0.6285193193930079
mean_skew	[-0.5,-0.2)	non-cCRE	LOW_FREQ	175385	175130	197813.349	450772.630699	173213	-93259.1849046417	340161.4526306271	1434	7012	2422	-0.5384075381446064
mean_skew	[-0.5,-0.2)	non-cCRE	RARE	467912	467306	575314.639	1324476.877391	462279	-262842.23472071235	941931.2542598604	3800	18598	6898	-0.5685792231979223
mean_skew	[-0.5,-0.2)	non-cCRE	SINGLETON	2367818	2366028	619926.064	869162.489114	2345550	-304229.7751032854	2965660.578231813	35345	88222	40985	-0.1297050905345379
mean_skew	[-0.5,-0.2)	non-cCRE	ULTRARARE	2225455	2223552	1990233.62	4221560.184042	2203202	-919091.7909139368	3875233.632050273	23477	88336	35392	-0.41716183577989524
mean_skew	[-0.5,-0.2)	pELS	COMMON	8357	8352	5071.6449999999995	9081.071877	8334	-2157.6990022753585	24092.89250252668	418	2446	2300	-0.25890316801960145
mean_skew	[-0.5,-0.2)	pELS	LOW_FREQ	11105	11092	7768.231	14677.960747	11073	-1270.3899838700895	39462.92557168792	748	2880	3443	-0.11472861770704322
mean_skew	[-0.5,-0.2)	pELS	RARE	29786	29713	22492.039	43335.875389	29722	-2001.4400169499008	111120.00140490897	2211	7509	9206	-0.0673386722612846
mean_skew	[-0.5,-0.2)	pELS	SINGLETON	210782	210623	48439.39	50274.093202	210540	84806.91601660755	831435.1443933662	23337	57277	70313	0.4028066686454239
mean_skew	[-0.5,-0.2)	pELS	ULTRARARE	167896	167641	96066.924	167644.801822	167634	22925.848986355235	655538.8078661212	15500	43969	53777	0.13676133115212447
mean_skew	[-1.0,-0.5)	PLS	COMMON	610	609	259.16	397.14648999999997	610	394.8199995053	3853.0475814273705	121	273	321	0.6472459008283606
mean_skew	[-1.0,-0.5)	PLS	LOW_FREQ	1066	1066	444.403	641.704357	1065	1256.648002333123	8917.819872391867	279	429	620	1.179951175899646
mean_skew	[-1.0,-0.5)	PLS	RARE	3044	3042	1358.395	2110.888179	3042	4323.352003710113	33090.993222539044	929	1146	1855	1.421220251055264
mean_skew	[-1.0,-0.5)	PLS	SINGLETON	28328	28320	5713.887	4091.886287	28313	60556.276976860034	386748.92650123575	11119	10927	17752	2.1388152783830763
mean_skew	[-1.0,-0.5)	PLS	ULTRARARE	19959	19957	7104.411	9229.493063	19947	36243.25898927718	244727.4598309	6954	7482	12183	1.8169779410075289
mean_skew	[-1.0,-0.5)	dELS	COMMON	13964	13959	12448.218	25673.13157	13939	-6818.431004464046	40827.488843483865	431	1704	4298	-0.489162135337115
mean_skew	[-1.0,-0.5)	dELS	LOW_FREQ	18199	18194	18985.597	41502.143237	18156	-6274.453000763314	60359.9182898494	822	1803	6053	-0.3455856466602398
mean_skew	[-1.0,-0.5)	dELS	RARE	49596	49582	56099.057	124113.248929	49493	-15590.9200034407	167747.5485735268	2518	5058	16874	-0.3150126281179298
mean_skew	[-1.0,-0.5)	dELS	SINGLETON	280013	279970	74961.476	103627.597956	279568	68242.06093044484	978082.544609855	23512	27672	99758	0.24409825491631676
mean_skew	[-1.0,-0.5)	dELS	ULTRARARE	253962	253906	218352.114	450287.826818	253479	-34495.634028577835	899049.2684686306	16010	25721	88811	-0.13608872541148512
mean_skew	[-1.0,-0.5)	non-cCRE	COMMON	26728	26713	28427.747	63284.011093	26495	-17244.740979244823	56265.31627747584	169	1340	490	-0.6508677478484554
mean_skew	[-1.0,-0.5)	non-cCRE	LOW_FREQ	31789	31758	41376.601	98385.995313	31456	-18744.63998251618	66788.98951277114	248	1288	629	-0.5959003046323811
mean_skew	[-1.0,-0.5)	non-cCRE	RARE	85544	85482	120939.423	290774.140807	84681	-52201.2489396684	185233.10674413425	694	3809	1791	-0.6164458253878485
mean_skew	[-1.0,-0.5)	non-cCRE	SINGLETON	383870	383680	114348.225	172003.348867	380585	-55174.05086683085	523529.2047661839	5934	17025	10793	-0.14497169059955292
mean_skew	[-1.0,-0.5)	non-cCRE	ULTRARARE	387542	387359	397870.438	886140.87864	384255	-174763.62973588958	730950.3874602882	4143	17642	9537	-0.4548115957785574
mean_skew	[-1.0,-0.5)	pELS	COMMON	1977	1976	1277.84	2289.18997	1974	-429.05499725206744	6140.456842722478	110	612	703	-0.217353088780176
mean_skew	[-1.0,-0.5)	pELS	LOW_FREQ	2777	2776	2155.287	4222.777545	2770	29.05399858800216	11938.028908472192	245	717	1098	0.010488808154513415
mean_skew	[-1.0,-0.5)	pELS	RARE	7289	7277	5855.798	11462.062706	7277	1039.4029975536996	34458.56529192659	775	1961	2952	0.14283399719028442
mean_skew	[-1.0,-0.5)	pELS	SINGLETON	52577	52550	12823.514	13832.447568	52508	39867.394012418	317458.1641759424	8821	15018	23397	0.7592632363148092
mean_skew	[-1.0,-0.5)	pELS	ULTRARARE	42267	42222	26227.238	46885.386348	42182	15975.44300229335	224281.7504101211	5490	11508	18017	0.37872654218134155
mean_skew	[-1.5,-1.0)	PLS	COMMON	122	122	78.955	157.150267	121	51.381000341847574	998.9672198473362	26	58	57	0.42463636646155023
mean_skew	[-1.5,-1.0)	PLS	LOW_FREQ	238	237	101.593	153.684217	237	402.4080002838746	2685.342603455263	80	78	170	1.6979240518306946
mean_skew	[-1.5,-1.0)	PLS	RARE	618	618	299.265	493.372767	617	1269.4239975570244	8316.198148596724	232	268	387	2.0574132861540106
mean_skew	[-1.5,-1.0)	PLS	SINGLETON	6821	6819	1460.81	1151.693084	6815	20653.23398633349	134750.4517745264	3480	2734	4719	3.030555243776007
mean_skew	[-1.5,-1.0)	PLS	ULTRARARE	4689	4688	1793.777	2518.751459	4681	12291.100991376328	82948.92508241587	2168	1864	3134	2.6257425745302987
mean_skew	[-1.5,-1.0)	dELS	COMMON	2729	2729	2588.224	5528.700372	2725	-1238.6130028106274	7914.192254135177	89	321	1012	-0.4545368817653679
mean_skew	[-1.5,-1.0)	dELS	LOW_FREQ	3736	3736	4215.329	9585.489637	3727	-1092.7509973661515	11754.121820570766	164	384	1487	-0.29319855040680215
mean_skew	[-1.5,-1.0)	dELS	RARE	10041	10038	12175.474	27802.080266	10012	-2724.245999797598	34757.143928577396	553	1047	3982	-0.27209808228102256
mean_skew	[-1.5,-1.0)	dELS	SINGLETON	55680	55670	15601.847	22975.163707	55553	18703.95800256915	217374.06330654785	5289	5634	24346	0.33668673163589996
mean_skew	[-1.5,-1.0)	dELS	ULTRARARE	51364	51359	47095.016	100891.447512	51260	-2741.6810045123575	192290.1163323828	3557	5394	21333	-0.053485778472734245
mean_skew	[-1.5,-1.0)	non-cCRE	COMMON	5463	5461	6691.209	15330.480945	5405	-3366.11399800761	10576.845356747064	25	280	96	-0.6227777979662553
mean_skew	[-1.5,-1.0)	non-cCRE	LOW_FREQ	7044	7041	10075.689	24555.533313	6967	-4215.845993702999	14063.302918907912	40	300	130	-0.6051164050097602
mean_skew	[-1.5,-1.0)	non-cCRE	RARE	19364	19357	29990.007	74221.947303	19148	-11758.144976205544	38742.16595386312	120	895	373	-0.6140664808964666
mean_skew	[-1.5,-1.0)	non-cCRE	SINGLETON	78209	78176	25662.358	41840.832004	77306	-9307.807951393772	93621.1551064357	987	3644	2135	-0.12040214150769374
mean_skew	[-1.5,-1.0)	non-cCRE	ULTRARARE	84314	84281	95832.99	221935.758832	83517	-38470.24392001633	151195.82173499223	672	3938	1948	-0.4606277035815023
mean_skew	[-1.5,-1.0)	pELS	COMMON	379	379	262.248	490.152114	378	-87.12499873258648	1679.1168056054444	25	113	167	-0.23048941463647216
mean_skew	[-1.5,-1.0)	pELS	LOW_FREQ	476	476	400.429	828.768805	474	105.8610003888608	2176.793053255781	53	123	217	0.22333544385835613
mean_skew	[-1.5,-1.0)	pELS	RARE	1357	1356	1231.597	2502.669569	1354	292.82200410822406	7828.27502635026	178	364	607	0.21626440480666476
mean_skew	[-1.5,-1.0)	pELS	SINGLETON	10128	10122	2636.301	3106.148641	10115	10599.947000801094	78904.7054690506	2072	2939	5201	1.047943351537429
mean_skew	[-1.5,-1.0)	pELS	ULTRARARE	8163	8152	5639.773	10663.863875	8149	4824.499010637869	54522.47978927733	1345	2194	3917	0.5920357112084758
mean_skew	[0.05,0.2)	PLS	COMMON	5858	5841	1029.981	706.262349	5849	-1691.526003718494	24688.76991321939	396	2273	2077	-0.28919917998264555
mean_skew	[0.05,0.2)	PLS	LOW_FREQ	6883	6872	1344.944	1101.44249	6878	126.67500074580398	31849.252996902665	658	2399	2472	0.018417417962460596
mean_skew	[0.05,0.2)	PLS	RARE	18447	18173	3866.334	3394.744146	18422	1480.1149982461934	97785.03356724036	2058	6541	6813	0.08034496787787393
mean_skew	[0.05,0.2)	PLS	SINGLETON	167572	167447	23122.276	9120.133602	167461	59600.68599740172	863091.8120798592	22401	57533	61697	0.3559078591278072
mean_skew	[0.05,0.2)	PLS	ULTRARARE	115203	114689	21712.892	15766.668992	115110	26808.655966199596	622766.7573998078	14635	40281	43175	0.2328959774667674
mean_skew	[0.05,0.2)	dELS	COMMON	240218	240104	55594.943	61268.017929	239824	-91422.49300916935	601642.9489989917	6616	23398	29994	-0.3812066057157305
mean_skew	[0.05,0.2)	dELS	LOW_FREQ	259554	259435	71323.6	91263.37442	259106	-48360.45000121126	633992.8501910511	9823	19990	31924	-0.18664349726062407
mean_skew	[0.05,0.2)	dELS	RARE	648285	647993	195478.695	267446.391425	647059	-111319.81605905446	1637712.8066265243	26230	50577	80144	-0.17203966880771995
mean_skew	[0.05,0.2)	dELS	SINGLETON	6015778	6014688	798209.247	360360.197775	6007997	52552.06861979168	13883375.567851758	290724	458403	716954	0.008747019783763488
mean_skew	[0.05,0.2)	dELS	ULTRARARE	3986846	3985896	954963.319	1060635.903949	3980843	-427272.0172490858	9880600.780560968	175824	308096	482796	-0.1073320443054614
mean_skew	[0.05,0.2)	non-cCRE	COMMON	1044025	1043050	238935.216	276380.00769	1032322	-469229.35578818	1833057.4160756203	8682	36476	5916	-0.4545377854857109
mean_skew	[0.05,0.2)	non-cCRE	LOW_FREQ	1138841	1137622	303024.095	407399.806539	1121973	-288724.8287328201	1594917.3348886352	12171	31071	6495	-0.2573366994863692
mean_skew	[0.05,0.2)	non-cCRE	RARE	2786416	2783216	816178.3369999999	1178423.061235	2742813	-670815.7633473098	3882218.044756549	31323	77880	16144	-0.24457218313727905
mean_skew	[0.05,0.2)	non-cCRE	SINGLETON	24914884	24905531	3202999.718999992	1236353.968051001	24647585	-2583077.8220000765	28513963.84296717	336562	653614	143207	-0.10480044280200582
mean_skew	[0.05,0.2)	non-cCRE	ULTRARARE	16639589	16629905	3646645.891999996	3873214.337434002	16418249	-3056445.8017282803	21490182.523798116	202808	448724	97103	-0.18616149637688406
mean_skew	[0.05,0.2)	pELS	COMMON	33986	33959	6799.976	6280.618864	33920	-11373.232007624703	90492.18215026028	1085	8908	5591	-0.335295754941766
mean_skew	[0.05,0.2)	pELS	LOW_FREQ	38446	38411	8907.86	9459.872696	38361	-5069.153996512877	102829.4322421754	1740	8751	6472	-0.13214342682706073
mean_skew	[0.05,0.2)	pELS	RARE	97272	97118	24280.454	27663.47195	97098	-9465.00901283429	275018.30753611156	4911	22584	16480	-0.09747892863740026
mean_skew	[0.05,0.2)	pELS	SINGLETON	921517	921081	121571.258	50851.36303	920769	77465.28204393876	2391846.7157661836	56275	213856	154592	0.08413107092434559
mean_skew	[0.05,0.2)	pELS	ULTRARARE	609522	608713	127756.338	118816.902858	608805	-10553.65002256678	1696467.859210618	34571	141832	103256	-0.017335025209331036
mean_skew	[0.2,0.5)	PLS	COMMON	1610	1606	277.468	220.752354	1607	-304.9529990844895	6520.60125259968	112	672	622	-0.18976540079930895
mean_skew	[0.2,0.5)	PLS	LOW_FREQ	1971	1968	413.518	383.234316	1969	266.4679991157028	10585.227710062049	246	725	762	0.1353316399775027
mean_skew	[0.2,0.5)	PLS	RARE	5237	5212	1126.691	1056.212561	5232	1793.517995461007	32529.765454724955	751	1920	2216	0.3427977820070732
mean_skew	[0.2,0.5)	PLS	SINGLETON	48107	48081	6577.568	2596.968946	48080	30323.251001483753	300048.26227043837	8457	17390	20107	0.6306832571024075
mean_skew	[0.2,0.5)	PLS	ULTRARARE	33201	33117	6307.455	4743.705009	33177	17174.779976051545	206516.2180154324	5513	11999	14083	0.5176712775733654
mean_skew	[0.2,0.5)	dELS	COMMON	44386	44372	11965.03	15991.386608	44306	-19973.10797892674	115340.48337641722	1133	4993	7636	-0.45079916893709066
mean_skew	[0.2,0.5)	dELS	LOW_FREQ	46324	46306	15704.421	24419.329079	46226	-10015.331004519016	114539.18205891	1721	4164	7394	-0.2166601264335875
mean_skew	[0.2,0.5)	dELS	RARE	116778	116717	43690.992	70992.477348	116550	-22225.84100532765	301082.7487825303	4663	10474	18937	-0.19069790652361776
mean_skew	[0.2,0.5)	dELS	SINGLETON	1052828	1052550	141339.214	77361.565104	1051250	9037.982971042744	2459262.563357267	51793	90754	165702	0.008597367867817117
mean_skew	[0.2,0.5)	dELS	ULTRARARE	705379	705159	198026.233	267944.613137	704136	-77286.00098249316	1764917.716690868	31834	62667	113720	-0.10976004774999881
mean_skew	[0.2,0.5)	non-cCRE	COMMON	129310	129176	35777.737	52037.356667	128091	-70617.26796295238	255622.83078259852	940	5804	1251	-0.5513054622335088
mean_skew	[0.2,0.5)	non-cCRE	LOW_FREQ	139895	139662	47130.396	76981.613256	138071	-41218.828953019474	202628.76740247765	1333	5031	1291	-0.29853357296622374
mean_skew	[0.2,0.5)	non-cCRE	RARE	341375	340841	129089.119	225128.719841	336736	-95783.44791931812	500101.10680661735	3633	12521	3361	-0.28444671172466895
mean_skew	[0.2,0.5)	non-cCRE	SINGLETON	2891549	2890006	371291.488	183873.647154	2864835	-321195.4743445406	3378763.2180889603	38367	98614	28606	-0.11211657018450998
mean_skew	[0.2,0.5)	non-cCRE	ULTRARARE	1967688	1965978	514027.436	704108.492614	1945301	-398832.2494961257	2619290.824175847	23313	69513	19733	-0.20502341257015017
mean_skew	[0.2,0.5)	pELS	COMMON	6851	6843	1470.749	1546.056569	6838	-2015.330999001977	19472.64726814456	277	2072	1568	-0.29472521190435463
mean_skew	[0.2,0.5)	pELS	LOW_FREQ	7670	7659	1996.352	2500.198942	7646	-174.64400260616054	21370.344557661672	455	1889	1644	-0.022841224510353197
mean_skew	[0.2,0.5)	pELS	RARE	19619	19586	5532.966	7256.70014	19570	-219.27599821239644	63892.46891636929	1305	5054	4589	-0.011204700981726951
mean_skew	[0.2,0.5)	pELS	SINGLETON	184344	184248	24930.797	11947.428975	184161	36418.69103063503	572315.6110044982	14697	47691	42063	0.1977546333405826
mean_skew	[0.2,0.5)	pELS	ULTRARARE	122854	122690	28073.887	30026.961877	122683	12894.47301292956	395443.8401990468	9306	32080	28291	0.10510399169346658
mean_skew	[0.5,1.0)	PLS	COMMON	350	349	59.331	47.036339	350	-60.553998860297845	1291.4912296725188	29	158	133	-0.1730114253151367
mean_skew	[0.5,1.0)	PLS	LOW_FREQ	437	437	88.919	77.923177	436	102.66300275526002	2141.767748716624	57	166	163	0.23546560264967895
mean_skew	[0.5,1.0)	PLS	RARE	1324	1319	295.85	297.997838	1322	485.9920012070801	8300.459035038835	204	474	566	0.3676187603684418
mean_skew	[0.5,1.0)	PLS	SINGLETON	11902	11891	1705.617	757.493377	11899	9976.90699544642	84533.966477215	2398	4325	5087	0.8384660051639986
mean_skew	[0.5,1.0)	PLS	ULTRARARE	8108	8086	1595.219	1239.611053	8105	5333.6479931992935	57468.041267217544	1528	2995	3496	0.6580688455520411
mean_skew	[0.5,1.0)	dELS	COMMON	10151	10145	3121.521	4628.197307	10133	-4958.60400226503	26431.4379255825	257	1180	2199	-0.48935201838202214
mean_skew	[0.5,1.0)	dELS	LOW_FREQ	10389	10385	4035.957	6802.951489	10373	-2615.791002280313	24030.445057974895	328	956	1912	-0.252173045626175
mean_skew	[0.5,1.0)	dELS	RARE	26134	26121	11645.072	20529.47018	26088	-6428.421997126073	67599.4161104551	992	2358	4843	-0.24641298670369796
mean_skew	[0.5,1.0)	dELS	SINGLETON	227454	227396	31393.435	19021.411225	227114	-6751.922968783175	537888.6032604321	10876	20908	40842	-0.029729223952654503
mean_skew	[0.5,1.0)	dELS	ULTRARARE	156554	156515	49880.548	74496.17183	156307	-25225.239971485094	397623.85950448154	6746	14726	28685	-0.1613826634218883
mean_skew	[0.5,1.0)	non-cCRE	COMMON	23406	23386	7088.964	11009.040476	23212	-13927.263991204083	48279.330215073445	167	1187	289	-0.6000027568156162
mean_skew	[0.5,1.0)	non-cCRE	LOW_FREQ	25600	25568	9618.125	16549.441371	25328	-8492.141993272702	38587.97855111976	205	1051	318	-0.3352867179908679
mean_skew	[0.5,1.0)	non-cCRE	RARE	62572	62513	26021.06	47945.127024	61816	-18962.22597314638	92799.28563830594	603	2603	818	-0.306752717308567
mean_skew	[0.5,1.0)	non-cCRE	SINGLETON	515326	515026	66732.553	34026.775317	511248	-68162.5248424091	611071.1456888177	6245	20291	6693	-0.13332575353333234
mean_skew	[0.5,1.0)	non-cCRE	ULTRARARE	353321	353072	95692.333	137168.125255	350127	-79348.0818758309	480212.28341205383	3841	14209	4541	-0.22662657228900057
mean_skew	[0.5,1.0)	pELS	COMMON	1540	1539	361.555	416.042051	1535	-641.9269997869851	4529.901921872066	62	469	399	-0.4181934852032476
mean_skew	[0.5,1.0)	pELS	LOW_FREQ	1769	1769	493.112	648.420874	1761	-86.52299995999762	5490.437976530731	106	437	434	-0.049132879023280875
mean_skew	[0.5,1.0)	pELS	RARE	4639	4634	1409.859	1967.512115	4625	49.062997250817915	14129.067271355398	314	1225	1215	0.010608215621798468
mean_skew	[0.5,1.0)	pELS	SINGLETON	42483	42456	5791.636	2833.96903	42434	11237.71399824496	149460.6548043248	3973	11492	10788	0.26482806236143097
mean_skew	[0.5,1.0)	pELS	ULTRARARE	28615	28573	6873.361	7808.836771	28574	4284.559001437619	100845.97700736333	2435	7750	7407	0.14994606990402531
mean_skew	[1.0,1.5)	PLS	COMMON	61	61	17.424	25.722794	61	-23.902999091893435	223.29462289352983	3	30	21	-0.39185244412940057
mean_skew	[1.0,1.5)	PLS	LOW_FREQ	65	65	12.903	11.748069	65	8.509999792557222	296.7905421445592	8	23	23	0.13092307373164958
mean_skew	[1.0,1.5)	PLS	RARE	217	217	44.684	43.531962	217	95.4230002439581	1414.632261704535	26	92	76	0.43973732831317097
mean_skew	[1.0,1.5)	PLS	SINGLETON	2006	2005	269.925	86.175527	2006	1783.3320013671184	15563.837594608847	433	715	825	0.8889990036725416
mean_skew	[1.0,1.5)	PLS	ULTRARARE	1378	1376	249.189	157.852599	1375	1185.3100026026384	10480.814458731567	283	492	552	0.8620436382564642
mean_skew	[1.0,1.5)	dELS	COMMON	1828	1827	617.479	1008.911301	1825	-903.7929998016916	4684.504817576171	47	220	446	-0.4952290409872283
mean_skew	[1.0,1.5)	dELS	LOW_FREQ	1798	1798	730.061	1300.520017	1795	-581.2119970627831	4381.238787908345	68	160	354	-0.32379498443609084
mean_skew	[1.0,1.5)	dELS	RARE	4654	4653	2049.935	3667.716811	4643	-1179.585000156891	12208.151478514696	166	458	934	-0.2540566444447321
mean_skew	[1.0,1.5)	dELS	SINGLETON	39852	39844	5406.381	3437.596195	39780	-1957.6080011943145	93961.35357236666	1824	3656	7314	-0.049210859758529776
mean_skew	[1.0,1.5)	dELS	ULTRARARE	27368	27363	8866.57	13672.42758	27322	-4264.803988261614	68404.1013123155	1212	2641	5143	-0.1560941361635903
mean_skew	[1.0,1.5)	non-cCRE	COMMON	4049	4043	859.39	1101.374926	4018	-2983.684006025665	9610.554796238108	19	228	55	-0.7425793942323706
mean_skew	[1.0,1.5)	non-cCRE	LOW_FREQ	3925	3922	1085.757	1650.657923	3884	-1575.0699990749129	6268.329607083289	31	179	52	-0.40552780614699097
mean_skew	[1.0,1.5)	non-cCRE	RARE	9751	9742	3157.069	5376.364871	9641	-3805.09200306388	15625.433160024037	77	485	141	-0.39467814573839644
mean_skew	[1.0,1.5)	non-cCRE	SINGLETON	79793	79770	9719.025	4155.442885	79122	-13257.043979481676	97901.89715277412	897	3402	1158	-0.16755193219940948
mean_skew	[1.0,1.5)	non-cCRE	ULTRARARE	54755	54718	12273.837	15621.217309	54218	-14820.679971771084	77307.722808648	493	2530	816	-0.2733534983173685
mean_skew	[1.0,1.5)	pELS	COMMON	288	288	71.59	90.03681	286	-65.1219991573598	860.4335176488872	16	100	85	-0.22769929775300626
mean_skew	[1.0,1.5)	pELS	LOW_FREQ	332	332	96.798	139.037644	330	-28.5700004105456	797.1893730823863	18	93	83	-0.08657575881983515
mean_skew	[1.0,1.5)	pELS	RARE	868	865	263.495	367.393613	867	76.68899989419154	2670.043366989671	65	245	256	0.08845328707519208
mean_skew	[1.0,1.5)	pELS	SINGLETON	7911	7898	1033.057	455.183707	7906	1637.9720032333869	25825.150046981333	679	2216	2169	0.20718087569357285
mean_skew	[1.0,1.5)	pELS	ULTRARARE	5245	5232	1173.713	1278.465123	5238	699.9080001403348	17853.46840925097	444	1465	1437	0.13362122950369126
mean_skew	[1.5,Inf)	PLS	COMMON	16	16	1.925	0.288453	16	-0.24799990281463452	43.92998442528132	2	6	5	NA
mean_skew	[1.5,Inf)	PLS	LOW_FREQ	16	16	4.648	6.207184	16	8.822999998927125	80.87810212638583	1	6	5	NA
mean_skew	[1.5,Inf)	PLS	RARE	41	41	6.938	4.903738	41	4.538999827578673	111.06714896954972	3	12	18	NA
mean_skew	[1.5,Inf)	PLS	SINGLETON	460	459	62.828	20.88304	460	373.41800199635327	2725.5941949299736	83	160	197	0.8117782652094636
mean_skew	[1.5,Inf)	PLS	ULTRARARE	288	285	54.522	42.37758	288	146.43599828076546	1912.821816518158	49	93	107	0.508458327363769
mean_skew	[1.5,Inf)	dELS	COMMON	564	564	129.374	158.077228	564	-375.6490004790248	1770.7883099048945	11	73	136	-0.6660443270904695
mean_skew	[1.5,Inf)	dELS	LOW_FREQ	477	477	139.047	210.311187	476	-156.58799921954056	928.1108188923504	9	52	82	-0.3289663849150012
mean_skew	[1.5,Inf)	dELS	RARE	1200	1200	371.463	570.349057	1199	-315.45300056668924	2956.441506982101	46	96	212	-0.2630967477620427
mean_skew	[1.5,Inf)	dELS	SINGLETON	11399	11396	1423.16	630.744588	11380	-1127.787994269747	25082.220809669292	458	1137	1920	-0.09910263570032926
mean_skew	[1.5,Inf)	dELS	ULTRARARE	7342	7339	1762.087	2244.270961	7330	-1213.9549996785356	17923.426619459624	286	687	1283	-0.16561459750048235
mean_skew	[1.5,Inf)	non-cCRE	COMMON	1329	1329	181.165	122.781197	1320	-1240.1490015641325	3728.893745636863	4	71	17	-0.939506819366767
mean_skew	[1.5,Inf)	non-cCRE	LOW_FREQ	1121	1121	200.341	208.656721	1110	-640.1079995399341	2277.1352215463394	5	47	13	-0.5766738734594001
mean_skew	[1.5,Inf)	non-cCRE	RARE	2891	2890	501.207	519.762681	2860	-1273.0359989127612	4819.273140625241	17	129	39	-0.4451174821373291
mean_skew	[1.5,Inf)	non-cCRE	SINGLETON	21931	21920	2580.641	674.280863	21732	-4792.752991423475	28382.822058672104	228	912	325	-0.22053897438907946
mean_skew	[1.5,Inf)	non-cCRE	ULTRARARE	15077	15070	2391.536	1846.754206	14925	-4703.33599647577	22425.45295402942	117	626	200	-0.31513139004862784
mean_skew	[1.5,Inf)	pELS	COMMON	82	82	17.433	19.916983	82	-49.929000835865736	354.50917994797396	5	26	22	-0.6088902540959236
mean_skew	[1.5,Inf)	pELS	LOW_FREQ	73	73	8.671	1.272767	73	-4.769999593496324	184.0286518803714	4	22	12	-0.06534246018488116
mean_skew	[1.5,Inf)	pELS	RARE	230	229	51.429	67.369317	230	37.29400061501656	705.4394349450364	17	66	50	0.16214782876094155
mean_skew	[1.5,Inf)	pELS	SINGLETON	2328	2323	308.555	124.246885	2325	502.27600275713496	7003.629336563182	192	640	644	0.2160326893579075
mean_skew	[1.5,Inf)	pELS	ULTRARARE	1552	1544	289.828	245.218642	1550	290.3219993892127	4981.667743339727	150	447	431	0.18730451573497592
