skew_type	skew_bin	ccre_class	n	n_MR	sum_MR	sum_MR_sq	n_phyloP	sum_phyloP	sum_phyloP_sq	n_conserved	n_tf_chip_peak	n_tf_footprint	frac_conserved	frac_conserved_se	frac_conserved_lci	frac_conserved_uci
HepG2_skew	(-Inf,-1.5)	Other cCREs	11556	11556	11235.878	25067.856648	11497	-5007.820999178688	24799.8383544222	188	422	1762	0.01635209185004784	0.001182807935675454	0.01403378829612395	0.01867039540397173
HepG2_skew	(-Inf,-1.5)	PLS	2402	2402	989.763	1481.731455	2398	6917.068006702349	50427.097292126266	1125	853	1548	0.4691409507923269	0.010190997496605153	0.4491665956989808	0.48911530588567304
HepG2_skew	(-Inf,-1.5)	dELS	35837	35835	30718.886	67024.773852	35806	-823.5440064760638	129973.26827850594	2608	3527	15166	0.07283695470032955	0.0013733335911194757	0.07014522086173539	0.07552868853892372
HepG2_skew	(-Inf,-1.5)	non-cCRE	60719	60695	69196.262	159064.95171	60400	-32316.409951079768	122939.81600262182	474	2536	1323	0.007847682119205298	3.590388199731361e-4	0.007143966032057952	0.008551398206352645
HepG2_skew	(-Inf,-1.5)	pELS	5022	5022	3426.006	6783.001956	5021	3449.074000386057	36340.50353366959	840	1252	2475	0.16729735112527386	0.0052673768990723685	0.15697329240309202	0.1776214098474557
HepG2_skew	[-0.05,0.05)	Other cCREs	18989768	18975496	4709918.818999999	6387558.992514992	18904389	-436591.5625377595	29816900.65477528	576918	555010	688579	0.030517675022451136	3.956073458270759e-5	0.03044013598266903	0.030595214062233242
HepG2_skew	[-0.05,0.05)	PLS	805114	800453	168850.818	152984.763948	804429	179293.0919034885	3734150.218962664	88935	260039	268115	0.11055668057715473	3.4962926301306706e-4	0.10987140722164912	0.11124195393266034
HepG2_skew	[-0.05,0.05)	dELS	43808023	43795997	11246129.465999989	15172829.502446046	43748398	2339213.644780633	99116286.42195264	2206260	2970093	4147457	0.05043064662619189	3.308487788216605e-5	0.05036580026554285	0.05049549298684094
HepG2_skew	[-0.05,0.05)	non-cCRE	298342156	298179695	69826707.45299962	91479894.6860742	294785594	-29423331.298912425	335256834.6967356	4180676	6322109	1003583	0.014182090594291388	6.886766393855695e-6	0.014168592532159432	0.014195588656423345
HepG2_skew	[-0.05,0.05)	pELS	6148105	6141876	1428679.647	1655394.428487	6142289	334910.1730318239	14469817.528018491	319200	1286956	787169	0.051967597096131427	8.955973204073604e-5	0.05179206002133158	0.05214313417093127
HepG2_skew	[-0.2,-0.05)	Other cCREs	4402635	4399000	1996792.003	3768242.369457	4376834	-578883.2551653585	7382679.022120494	111648	156640	236415	0.02550884954741258	7.536233537924743e-5	0.025361139370069254	0.025656559724755907
HepG2_skew	[-0.2,-0.05)	PLS	431469	430319	114046.782	123101.236	431114	229942.11900707765	2449135.710751441	68057	151323	186022	0.15786311741209982	5.553101586569745e-4	0.15677470950113215	0.1589515253230675
HepG2_skew	[-0.2,-0.05)	dELS	12593340	12589841	5718563.852	10355834.665274002	12573897	-316939.3876030037	31663236.77491384	636687	1041919	1881577	0.05063561440021339	6.183146841598835e-5	0.050514424722118055	0.05075680407830873
HepG2_skew	[-0.2,-0.05)	non-cCRE	44212274	44186224	20108115.43099999	38852006.15403698	43677507	-7731343.610536332	59986480.17665458	651121	1322863	368472	0.014907467131766472	1.8336292271404424e-5	0.01487152799891452	0.014943406264618424
HepG2_skew	[-0.2,-0.05)	pELS	1989244	1987274	736103.468	1126155.892348	1986853	188073.7760062287	5754682.1046505375	134547	479353	416952	0.06771864853615239	1.7825625225150287e-4	0.06736926628173945	0.06806803079056534
HepG2_skew	[-0.5,-0.2)	Other cCREs	816552	816006	440674.888	878018.81569	811342	-157750.53380496005	1466481.7590692933	19356	32296	76067	0.02385677063433176	1.6941841781768134e-4	0.023524710535409103	0.024188830733254417
HepG2_skew	[-0.5,-0.2)	PLS	145494	145336	38138.505	40995.736153	145382	175031.83092714587	1264248.6377723897	37558	53674	77034	0.2583400971234403	0.0011480029119861751	0.2560900114159474	0.2605901828309332
HepG2_skew	[-0.5,-0.2)	dELS	2549562	2548981	1339908.153	2553660.241157	2545224	-104108.42022367191	7268760.884721668	144080	240324	599522	0.05660798420885549	1.4485114695080999e-4	0.0563240759608319	0.056891892456879076
HepG2_skew	[-0.5,-0.2)	non-cCRE	5198450	5195580	3095622.038	6356530.14576	5143990	-1386773.8141669442	8074681.761407025	72428	198562	85790	0.014080120684526992	5.194861131781673e-5	0.013978301406344072	0.014181939962709913
HepG2_skew	[-0.5,-0.2)	pELS	432363	431976	173827.49	275999.236208	431749	115213.27901510918	1698127.7403200911	43562	114157	136872	0.10089658574773769	4.583818240011271e-4	0.09999815737269548	0.1017950141227799
HepG2_skew	[-1.0,-0.5)	Other cCREs	198416	198341	123402.297	254846.306353	197208	-35582.48696146567	418986.6620866331	5812	8107	30790	0.0294714210376861	3.8083989642816976e-4	0.028724974840686885	0.030217867234685312
HepG2_skew	[-1.0,-0.5)	PLS	42560	42538	12339.965	14568.731173	42539	89107.824981277	589013.5641234501	16384	16224	26207	0.3851524483415219	0.0023594263064952025	0.3805279727807913	0.3897769239022525
HepG2_skew	[-1.0,-0.5)	dELS	607068	606978	365289.353	724778.3200310001	605985	24884.189884230847	2156107.4523736625	44767	60079	206261	0.07387476587704316	3.360098281180983e-4	0.07321618661393169	0.07453334514015462
HepG2_skew	[-1.0,-0.5)	non-cCRE	911804	911429	672152.143	1461963.019157	903155	-295266.67158789205	1552838.0391167442	11886	39111	21118	0.01316053169168083	1.1991646780542424e-4	0.012925495414782199	0.013395567968579462
HepG2_skew	[-1.0,-0.5)	pELS	98380	98305	45115.687	75949.156853	98220	51529.66399284254	557783.6095665351	14201	26646	40761	0.14458358786397882	0.0011221433061400603	0.1423841869839443	0.14678298874401333
HepG2_skew	[-1.5,-1.0)	Other cCREs	36763	36759	26085.195	56710.232265	36489	-8964.862981725835	69128.18781115487	779	1519	5706	0.021348899668393213	7.566947341911486e-4	0.019865777989378563	0.022832021347407864
HepG2_skew	[-1.5,-1.0)	PLS	8533	8531	2819.719	3792.206009	8524	24357.590978622433	165390.86661443842	4181	3274	5615	0.4904974190520882	0.005414643112615365	0.4798847185513621	0.5011101195528144
HepG2_skew	[-1.5,-1.0)	dELS	115633	115626	78394.638	164403.703694	115438	7485.477988370454	421534.4915281907	8882	11375	45888	0.07694173495729309	7.843703133072472e-4	0.07540436914321089	0.078479100771375293
HepG2_skew	[-1.5,-1.0)	non-cCRE	196483	196409	182303.25	418704.821222	194869	-71677.06684605747	320880.3789169809	1945	8970	4083	0.009981064202105004	2.2518465726884885e-4	0.00953970227385806	0.010422426130351948
HepG2_skew	[-1.5,-1.0)	pELS	17814	17805	9429.464	17129.093593999998	17791	11886.3620190227	118719.3849749082	2948	4770	8103	0.16570175931650835	0.002787558843382243	0.16023814398347916	0.17116537464953754
HepG2_skew	[0.05,0.2)	Other cCREs	4263211	4259804	845875.591	853715.143595	4241014	-467398.3634650633	6901308.528366686	107036	141902	188588	0.025238303858464036	7.616307270775599e-5	0.025089024235956835	0.025387583480971237
HepG2_skew	[0.05,0.2)	PLS	314062	313005	53372.794	35291.992652	313824	86611.98394107062	1641324.653220586	40252	108391	114779	0.12826297542571632	5.968982756684166e-4	0.12709305480540622	0.12943289604602642
HepG2_skew	[0.05,0.2)	dELS	11414484	11411880	2291858.632	2295891.87277	11398594	-619164.1525724578	27137024.708709385	520968	883119	1343508	0.04570458426714733	6.185796916015479e-5	0.04558334264759343	0.045825825886701234
HepG2_skew	[0.05,0.2)	non-cCRE	47328095	47304594	8853903.960999988	8415987.702578986	46768889	-6985421.927460616	58240695.2197366	607753	1279122	267820	0.012994813710456111	1.6560224486437154e-5	0.012962355670462694	0.013027271750449529
HepG2_skew	[0.05,0.2)	pELS	1735803	1734318	314966.984	263972.602156	1733949	34988.06602674548	4606757.220046044	99242	403070	285857	0.0572346706852393	1.7640595258923127e-4	0.056888915018164406	0.05758042635231419
HepG2_skew	[0.2,0.5)	Other cCREs	690805	690291	162766.611	208748.877027	686221	-103630.97989992936	1091892.6818380884	14811	26635	37722	0.021583425747681868	1.754244352608382e-4	0.021239593854570624	0.02192725764079311
HepG2_skew	[0.2,0.5)	PLS	81441	81276	13919.354	9714.089278	81388	44472.41396624665	502121.661818374	13470	29184	32832	0.16550351403155256	0.0013026737971973108	0.16295027338904583	0.16805675467405928
HepG2_skew	[0.2,0.5)	dELS	2062271	2061767	470682.148	570659.240408	2059027	-135296.13903600973	4974576.593716979	95224	180427	316229	0.04624708660935481	1.4636226022447812e-4	0.04596021657931483	0.04653395663939479
HepG2_skew	[0.2,0.5)	non-cCRE	5595775	5592748	1226259.07	1504784.359082	5538647	-945043.7776055206	7214107.896547076	71416	192693	53074	0.012894123781493927	4.79375619791681e-5	0.012800166160014758	0.012988081402973096
HepG2_skew	[0.2,0.5)	pELS	343883	343577	67140.843	64527.309479	343438	37511.76204115865	1051916.4767714057	25020	87821	74732	0.07285157728614772	4.4347581264057585e-4	0.07198236469337219	0.07372078987892325
HepG2_skew	[0.5,1.0)	Other cCREs	141322	141205	35347.13	48151.9655	140283	-25763.620978487303	225944.40005283052	2745	5491	8840	0.019567588374927825	3.6980685690146616e-4	0.01884276693540095	0.0202924098144547
HepG2_skew	[0.5,1.0)	PLS	17858	17816	3254.745	2411.496203	17852	11937.740992818732	116467.04225081611	3228	6336	7245	0.1808200761819404	0.0028805109796515255	0.17517427466182342	0.1864658777020574
HepG2_skew	[0.5,1.0)	dELS	442302	442207	110288.955	144038.064811	441641	-43591.41194812929	1092499.429206778	20074	39990	76163	0.045453207469415204	3.134340588475487e-4	0.04483887671407401	0.0460675382247564
HepG2_skew	[0.5,1.0)	non-cCRE	1032679	1032136	225791.39	277192.447998	1023856	-189273.8086703789	1336241.2488612155	12058	39763	11818	0.011777046772202341	1.0661694363610741e-4	0.01156807756267557	0.011986015981729112
HepG2_skew	[0.5,1.0)	pELS	76553	76474	15545.787	15486.504543	76437	10561.479004803234	251443.99671492144	6118	20107	18205	0.0800397713149391	9.814894349014559e-4	0.07811605202253225	0.08196349060734595
HepG2_skew	[1.0,1.5)	Other cCREs	23980	23962	5477.616	7281.892408	23794	-4692.3409932889035	37280.62124282405	423	953	1542	0.01777759098932504	8.566583364557122e-4	0.016098540649871845	0.019456641328778237
HepG2_skew	[1.0,1.5)	PLS	2692	2688	488.869	347.764275	2689	1894.591003714245	17310.657235781055	485	952	1051	0.18036444775009297	0.0074146466806581405	0.165831740256003	0.19489715524418294
HepG2_skew	[1.0,1.5)	dELS	77287	77274	18397.845	24134.581649	77154	-6414.3539848747905	187456.3188462464	3593	7140	13730	0.04656919926381004	7.586033405053359e-4	0.045082336716419584	0.0480560618112005
HepG2_skew	[1.0,1.5)	non-cCRE	168921	168840	30572.126	31758.94482	167473	-37063.622949160286	224996.98090202425	1736	7177	2116	0.01036585001761478	2.4749555135843984e-4	0.009880758736952239	0.010850941298277322
HepG2_skew	[1.0,1.5)	pELS	14213	14189	2672.721	2473.408355	14198	1954.3809977447395	44222.40790512267	1111	3834	3534	0.0782504578109593	0.0022539087155542606	0.07383279672847294	0.08266811889344565
HepG2_skew	[1.5,Inf)	Other cCREs	6762	6761	1132.686	968.847586	6730	-1333.9319966671756	10382.184587459966	120	242	391	0.017830609212481426	0.0016131277283566376	0.014668878864902417	0.020992339560060434
HepG2_skew	[1.5,Inf)	PLS	639	635	106.196	58.20881	639	317.3670016091781	3351.6674273489966	97	223	242	0.15179968701095461	0.014194961637530817	0.12397756220139422	0.179621811820515
HepG2_skew	[1.5,Inf)	dELS	21611	21606	3929.639	3882.779997	21582	-2220.4879932982144	50272.09318292966	918	1942	3552	0.042535446205170975	0.0013736971742273865	0.0398429997436853	0.04522789266665665
HepG2_skew	[1.5,Inf)	non-cCRE	46278	46261	6368.042	3551.5909739999997	45866	-10798.993986487856	61756.16164819518	443	1747	545	0.009658570618758994	4.566710385563103e-4	0.008763495383188626	0.010553645854329361
HepG2_skew	[1.5,Inf)	pELS	3892	3887	632.638	443.430172	3889	425.8620030671591	11455.262548202392	290	1040	949	0.07456929802005657	0.004212433011671844	0.06631292931717976	0.08282566672293339
K562_skew	(-Inf,-1.5)	Other cCREs	27720	27718	16785.133	33878.863817	27498	-4114.476989477175	55733.82179505223	784	1214	5797	0.028511164448323516	0.0010036350752385989	0.02654403970085586	0.03047828919579117
K562_skew	(-Inf,-1.5)	PLS	7488	7487	2309.711	2775.734031	7483	22621.244988732866	152118.06367408446	3738	2879	5445	0.49953227315247895	0.005780054610626987	0.4882033661156501	0.5108611801893078
K562_skew	(-Inf,-1.5)	dELS	77516	77506	44803.511	88253.834627	77308	15000.002987178745	313168.97242011223	6801	8346	37458	0.08797278418792363	0.0010187458406200624	0.08597604234030831	0.08996952603553895
K562_skew	(-Inf,-1.5)	non-cCRE	127232	127157	111632.764	246286.574132	125827	-45240.15387980665	190017.2497047872	920	6382	3197	0.007311626280528027	2.4017430312451077e-4	0.006840884646403986	0.007782367914652068
K562_skew	(-Inf,-1.5)	pELS	12993	12992	5828.845	9874.035713	12979	12152.777010878899	100006.45798873072	2557	3772	7416	0.19701055551275137	0.0034912347347292594	0.19016773543268203	0.2038533755928207
K562_skew	[-0.05,0.05)	Other cCREs	19691538	19675986	5066339.591	7083649.112620993	19600413	-556880.2755180191	31301023.940310456	598320	579202	707873	0.03052588738818922	3.88570338833962e-5	0.030449727601777762	0.030602047174600674
K562_skew	[-0.05,0.05)	PLS	775278	769945	168418.317	163716.793491	774637	161166.33992035172	3503833.0092880386	82382	244903	237906	0.10634916741648023	3.5026912771411576e-4	0.10566263992616057	0.1070356949067999
K562_skew	[-0.05,0.05)	dELS	46604016	46592399	12516122.282999992	17452655.224613056	46539941	2155324.4745509583	106742993.3824164	2355728	3205964	4406695	0.05061733963092046	3.2133452615279836e-5	0.05055435806379451	0.050680321198046406
K562_skew	[-0.05,0.05)	non-cCRE	305015868	304842950	73334727.49099976	98642764.82331796	301308114	-30646600.691104185	347721360.498521	4329689	6547325	1045603	0.014369639577645095	6.8560592229422886e-6	0.014356201701568127	0.014383077453722063
K562_skew	[-0.05,0.05)	pELS	6478899	6472736	1566094.934	1885002.942854	6472897	315874.7740591614	15306157.299600946	335693	1351678	800559	0.051861322681328	8.715822513283164e-5	0.05169049256006765	0.052032152802588355
K562_skew	[-0.2,-0.05)	Other cCREs	3794408	3791560	1671951.373	3139049.890951	3772614	-524460.6983037713	6266123.52639993	93182	133428	200357	0.024699584956213383	7.990847569011686e-5	0.024542964343860753	0.024856205568566013
K562_skew	[-0.2,-0.05)	PLS	380547	379857	100375.168	107643.703858	380193	176400.8299417423	2124506.6829153625	57250	134742	166344	0.15058141522858126	5.800220560197038e-4	0.14944457199878264	0.15171825845837988
K562_skew	[-0.2,-0.05)	dELS	10360293	10357149	4669737.991	8487382.283433	10344572	-480421.0374391456	25885073.795922637	504624	842515	1546921	0.04878152522888332	6.697482114437846e-5	0.04865025457944034	0.0489127958783263
K562_skew	[-0.2,-0.05)	non-cCRE	39462481	39443915	16633371.497999985	31445447.22477799	39022000	-7046441.370340482	51693912.50325221	532575	1130698	306589	0.013648070319307058	1.8573630978280655e-5	0.013611666002589628	0.013684474636024489
K562_skew	[-0.2,-0.05)	pELS	1651046	1649307	606714.95	929914.039806	1648952	105820.18400666212	4748026.639043344	107550	399041	351956	0.06522324482459162	1.9228754105389477e-4	0.06484636124412599	0.06560012840505725
K562_skew	[-0.5,-0.2)	Other cCREs	934359	933555	469809.035	903384.778187	928710	-182896.8576934932	1580752.24997662	20084	37143	75379	0.021625695857695082	1.5093762198787206e-4	0.021329858118598853	0.02192153359679131
K562_skew	[-0.5,-0.2)	PLS	169681	169474	43476.009	43825.554171	169583	167486.6029719647	1284062.6366893414	38601	62322	89361	0.22762305183892254	0.0010181965374165252	0.22562738662558615	0.22961871705225892
K562_skew	[-0.5,-0.2)	dELS	2716152	2715064	1355131.443	2514826.199375	2711671	-190423.89301352415	7239456.212905698	137770	248153	594989	0.050806310942588535	1.3335759467038213e-4	0.05054493005703459	0.051067691828142484
K562_skew	[-0.5,-0.2)	non-cCRE	6815161	6810573	3621842.435	7001261.180355	6749794	-1777047.1530565007	9667859.623764502	78462	250104	94444	0.01162435475808595	4.125724139266882e-5	0.01154349056495632	0.01170521895121558
K562_skew	[-0.5,-0.2)	pELS	478900	478318	183447.504	279096.478524	478203	98821.7010202317	1738438.1782750762	43653	126280	147931	0.09128550009096555	4.1649374202446107e-4	0.0904691723565976	0.0921018278253335
K562_skew	[-1.0,-0.5)	Other cCREs	265519	265341	146029.312	284526.634776	264004	-49655.614917967345	504565.645848533	6827	11087	35257	0.025859456674898865	3.088981119604665e-4	0.02525401637545635	0.02646489697434138
K562_skew	[-1.0,-0.5)	PLS	66434	66401	17812.489	18374.019599	66397	114989.46897344844	758199.7492562591	22250	25265	40558	0.33510550175459736	0.0018318627017331478	0.3315150508592004	0.3386959526499943
K562_skew	[-1.0,-0.5)	dELS	786391	786114	419737.193	787175.806867	785041	-8342.77008341054	2434244.345295436	49340	77696	242114	0.06285022056172862	2.7391242774709086e-4	0.06231335220334432	0.06338708892011292
K562_skew	[-1.0,-0.5)	non-cCRE	1380720	1379709	902869.909	1805670.986047	1369643	-440393.5741314038	2144717.03171406	15612	60423	29880	0.011398590727656768	9.070526608558867e-5	0.011220808406129015	0.011576373049184522
K562_skew	[-1.0,-0.5)	pELS	143498	143291	57471.002	88007.12236000001	143283	64243.19600357826	698775.463806054	18568	39874	57751	0.12958969312479499	8.872579721278782e-4	0.12785066749942434	0.13132871875016564
K562_skew	[-1.5,-1.0)	Other cCREs	62210	62190	34354.607	67823.101567	61822	-5324.757992707776	149381.16731627783	2434	2686	12261	0.03937109766749701	7.82159024789345e-4	0.037838065978909895	0.040904129356084125
K562_skew	[-1.5,-1.0)	PLS	17763	17759	5024.809	5555.496571	17742	44235.81997553328	288143.01549941406	7856	6985	12163	0.44279111712321045	0.0037291270347075754	0.4354820281351836	0.4501002061112373
K562_skew	[-1.5,-1.0)	dELS	184815	184781	98933.595	188308.812667	184452	30584.802953285533	722251.3538257565	15960	19121	75130	0.0865265760197775	6.546075851108289e-4	0.08524354515296029	0.08780960688659473
K562_skew	[-1.5,-1.0)	non-cCRE	239673	239546	169933.463	359707.921847	237550	-71917.73781182666	379671.6051991246	2969	11340	7047	0.012498421384971585	2.279391704134641e-4	0.012051660610961195	0.012945182158981975
K562_skew	[-1.5,-1.0)	pELS	32016	31992	12854.472	19891.529862	31962	24452.744002623844	213221.24871489237	5575	9050	15691	0.17442588073337087	0.0021225920028835436	0.17026560040771913	0.1785861610590226
K562_skew	[0.05,0.2)	Other cCREs	3774297	3771937	740105.343	736346.6073949999	3755576	-361262.57555983344	5988910.987097038	95858	125154	176304	0.025524180578425253	8.138102588596004e-5	0.02536467376768877	0.025683687389161734
K562_skew	[0.05,0.2)	PLS	295060	294298	48730.037	29936.119097	294818	83501.75398808917	1547417.6403407855	37972	102639	110059	0.1287981059501116	6.169317846318572e-4	0.12758891965223315	0.13000729224799004
K562_skew	[0.05,0.2)	dELS	9957325	9955022	1954904.564	1900065.875712	9943692	-258350.72857899545	23532229.703043405	469298	770144	1240070	0.047195548695595155	6.724787673079239e-5	0.0470637428572028	0.04732735453398751
K562_skew	[0.05,0.2)	non-cCRE	41993362	41976488	7893980.500999992	7620535.799336984	41519348	-5742193.914478938	50382712.80672434	549570	1124016	247622	0.013236479532385721	1.7736483802008303e-5	0.013201716024133786	0.013271243040637657
K562_skew	[0.05,0.2)	pELS	1536617	1535282	272108.023	216613.310731	1534927	84476.26301245096	4133176.118675195	91969	360384	267442	0.05991750747755431	1.915649228106328e-4	0.05954204022884547	0.06029297472626315
K562_skew	[0.2,0.5)	Other cCREs	800006	799374	164582.698	182677.100604	795045	-101674.94884848726	1244235.686094349	17969	30076	47626	0.022601236408002063	1.6668869108732887e-4	0.0222745265734709	0.022927946242533227
K562_skew	[0.2,0.5)	PLS	104471	104296	16583.508	9604.97434	104407	54296.33794560494	634757.9649529645	17053	37764	43670	0.1633319605007327	0.0011440562253718935	0.1610896102990038	0.16557431070246162
K562_skew	[0.2,0.5)	dELS	2312498	2311771	464811.034	489504.355922	2308840	-80218.48816109326	5552298.33386523	110026	199991	370698	0.04765423329464147	1.4020101320520826e-4	0.04737943930875926	0.04792902728052368
K562_skew	[0.2,0.5)	non-cCRE	6505091	6501311	1325961.677	1506377.022771	6437460	-1043411.1872843415	8178462.913572784	83401	220740	63971	0.012955575646295278	4.456967171918963e-5	0.012868219089725666	0.01304293220286489
K562_skew	[0.2,0.5)	pELS	396782	396440	69803.876	56986.087414	396291	57402.16302840331	1207425.9148693106	29833	102276	91491	0.07528053879598577	4.1912083776237557e-4	0.07445906195397152	0.07610201563800002
K562_skew	[0.5,1.0)	Other cCREs	185851	185684	38842.777	45499.592295	184551	-30215.955974817625	285015.33254885324	3595	7338	12336	0.019479710215604358	3.217076120395298e-4	0.01884916329600688	0.020110257135201835
K562_skew	[0.5,1.0)	PLS	28641	28597	4502.571	2637.613923	28621	19989.61500124773	193732.71712214287	5336	10537	12327	0.1864365326159114	0.0023020715945492464	0.18192447229059486	0.19094859294122793
K562_skew	[0.5,1.0)	dELS	576858	576675	117661.531	130179.350943	575917	-29348.65594935732	1409411.1501498283	27387	53381	105765	0.047553727360018894	2.8043523285346806e-4	0.047004074303626096	0.04810338041641169
K562_skew	[0.5,1.0)	non-cCRE	1270976	1270070	253564.361	284875.714089	1259669	-231647.09965537747	1644524.346431946	15508	50906	16945	0.012311170632920235	9.824976618190602e-5	0.012118601091203699	0.012503740174636771
K562_skew	[0.5,1.0)	pELS	105478	105369	18232.417	14751.974009	105333	21562.818986295595	360309.3503935287	9150	28652	27333	0.08686736350431488	8.677867727954735e-4	0.08516650142963576	0.088568225578994
K562_skew	[1.0,1.5)	Other cCREs	34527	34506	7603.594	9680.872094	34298	-6559.164991383676	52313.76881952174	593	1435	2515	0.01728963787975975	7.038357438095879e-4	0.01591011982189296	0.018669155937626542
K562_skew	[1.0,1.5)	PLS	5381	5370	881.8820000000001	571.639032	5377	4082.1300043101655	36666.7316896274	1041	1912	2219	0.19360238050957784	0.005388401480692485	0.18304111360742056	0.20416364741173512
K562_skew	[1.0,1.5)	dELS	113476	113447	24260.435	29013.397759	113292	-6913.078991728254	275518.45277405216	5471	10821	21925	0.048291141475126226	6.369218818256395e-4	0.04704277458674797	0.04953950836350448
K562_skew	[1.0,1.5)	non-cCRE	214668	214525	38608.692	39649.842886	212901	-43541.4759497327	284953.1032561265	2478	9439	3309	0.011639212591768006	2.3245061687323106e-4	0.011183609382696472	0.012094815800839539
K562_skew	[1.0,1.5)	pELS	21459	21431	3726.042	3120.873492	21434	4102.7839999975395	72211.41555162484	1871	5874	5867	0.08729121955771205	0.0019279678239768846	0.08351240262271735	0.09107003649270674
K562_skew	[1.5,Inf)	Other cCREs	11335	11330	2305.2509999999997	2794.744737	11270	-2554.4329939259924	17728.41409853156	190	454	697	0.01685891748003549	0.0012127207446014057	0.014481984820616736	0.019235850139454246
K562_skew	[1.5,Inf)	PLS	1520	1515	213.009	106.307843	1520	1113.4789987480035	9503.56604139788	293	525	638	0.19276315789473683	0.010117907615148239	0.1729320589690463	0.21259425682042737
K562_skew	[1.5,Inf)	dELS	38078	38064	8057.987	9772.604171	38020	-3865.2129888556674	91082.73481225426	1656	3803	7288	0.04355602314571278	0.0010467616955023905	0.0415043702225281	0.045607676068897464
K562_skew	[1.5,Inf)	non-cCRE	68402	68367	10498.375	8861.733853	67940	-19876.644980281813	104260.69438760327	752	3280	1135	0.0110685899322932	4.0138992120275615e-4	0.010281865686735798	0.011855314177850601
K562_skew	[1.5,Inf)	pELS	7584	7545	1258.67	1055.669386	7573	1594.4730086486086	23518.14813123304	660	2125	2172	0.08715172322725472	0.003241181198468635	0.08079900807825618	0.09350443837625325
SKNSH_skew	(-Inf,-1.5)	Other cCREs	17438	17431	14866.679	32501.089435	17319	-6569.273998489603	34867.76415406952	291	649	2504	0.016802355794214446	9.766615646587587e-4	0.01488809912748328	0.018716612460945612
SKNSH_skew	(-Inf,-1.5)	PLS	6182	6181	2108.5950000000003	2671.684857	6175	19409.44899485783	137319.5792863247	3207	2456	3989	0.5193522267206477	0.006358079960233363	0.5068903899985904	0.5318140634427051
SKNSH_skew	(-Inf,-1.5)	dELS	53044	53041	42045.835	89042.762151	52964	-1441.7200035710105	187469.42239850055	3688	5195	21465	0.06963220300581527	0.0011059666065724308	0.0674645084569333	0.07179989755469723
SKNSH_skew	(-Inf,-1.5)	non-cCRE	78388	78356	77768.396	175436.839522	77620	-36795.51196685621	154960.91288460582	749	2988	1900	0.00964957485184231	3.5088250644526225e-4	0.008961845139209595	0.010337304564475024
SKNSH_skew	(-Inf,-1.5)	pELS	7526	7526	4606.065	8658.309505	7522	6407.543999280896	60172.38939263826	1394	1977	3643	0.18532305237968624	0.004480131603636549	0.1765419944365586	0.19410411032281388
SKNSH_skew	[-0.05,0.05)	Other cCREs	17647528	17635234	4009740.9799999967	5087989.382529997	17574217	-213329.72164829067	27182141.338480905	535339	519702	640778	0.030461613168882573	4.0994062737615e-5	0.03038126480591685	0.030541961531848297
SKNSH_skew	[-0.05,0.05)	PLS	723426	718791	142947.585	122443.585025	722790	186770.84086882303	3312039.216223597	80971	230530	235105	0.11202562293335547	3.7098199570900086e-4	0.11129849822176582	0.11275274764494511
SKNSH_skew	[-0.05,0.05)	dELS	40890266	40879118	9471455.802999994	11914490.935529009	40838301	3005433.1987817152	90925892.67191188	2077104	2792864	3867874	0.050861665376333846	3.43816102187115e-5	0.05079427742030517	0.05092905333236252
SKNSH_skew	[-0.05,0.05)	non-cCRE	273884378	273753758	59538225.78699942	73169139.36130258	270813641	-24663957.17698816	302122585.7116434	3839602	5827622	917578	0.014178022886225291	7.184090858803106e-6	0.014163942068142038	0.014192103704308545
SKNSH_skew	[-0.05,0.05)	pELS	5741840	5735965	1221571.708	1322744.032026	5736263	429319.88297736173	13316735.848564511	301232	1203651	734407	0.05251363126132815	9.313394149337208e-5	0.05233108873600114	0.052696173786655164
SKNSH_skew	[-0.2,-0.05)	Other cCREs	4866354	4861963	2580140.426	5068083.731752	4835062	-680737.8329848853	8493988.329400983	129546	169122	252837	0.026793038021022276	7.343659974812343e-5	0.026649102285515956	0.026936973756528596
SKNSH_skew	[-0.2,-0.05)	PLS	429616	428537	127460.311	151883.636553	429241	185582.03696268267	2357134.330203519	62736	149218	180216	0.14615565614654705	5.391958829090935e-4	0.14509883221604522	0.14721248007704887
SKNSH_skew	[-0.2,-0.05)	dELS	13577090	13573527	7316479.5	13805802.877354007	13554609	-772981.7994184522	34924983.988534115	678302	1102412	1960126	0.05004216646898483	5.9221133920508825e-5	0.049926093046500634	0.050158239891469024
SKNSH_skew	[-0.2,-0.05)	non-cCRE	53541340	53504032	27722423.72999999	55450851.77569992	52789122	-9423160.390443616	74187208.31979115	819597	1506152	394688	0.015525869136448225	1.7016016403724154e-5	0.015492517744296925	0.015559220528599526
SKNSH_skew	[-0.2,-0.05)	pELS	2112016	2110033	911757.125	1475733.3646190001	2109525	97893.2821047623	6051818.226945067	135149	502984	424964	0.06406608122681647	1.6859486194560532e-4	0.06373563529740307	0.06439652715622986
SKNSH_skew	[-0.5,-0.2)	Other cCREs	886950	886025	504017.746	992093.682566	880414	-181296.76282331877	1584344.6437636742	20394	34986	77449	0.023164102342761474	1.6031533729852503e-4	0.022849884281656366	0.023478320403866583
SKNSH_skew	[-0.5,-0.2)	PLS	154178	154039	40488.704	42998.532688	154073	155420.31997924455	1219024.615427454	35733	57115	79256	0.23192253022917708	0.001075253125872225	0.2298150341024675	0.23403002635588666
SKNSH_skew	[-0.5,-0.2)	dELS	2676537	2675486	1486100.287	2806141.939057	2670783	-159658.3581583878	7525635.851169992	146136	246464	604766	0.05471653818374612	1.3916211948007405e-4	0.05444378042956517	0.05498929593792706
SKNSH_skew	[-0.5,-0.2)	non-cCRE	6578404	6566660	4330229.148	8756771.892154003	6487333	-2003378.07642365	10194804.959266284	79541	241083	91853	0.01226097072556627	4.320663454415098e-5	0.012176285721859734	0.012345655729272806
SKNSH_skew	[-0.5,-0.2)	pELS	453282	452836	191730.057	303378.008657	452674	101208.3120392927	1716289.2910263487	43060	118077	137255	0.0951236430632199	4.360598311902904e-4	0.09426896579408693	0.09597832033235286
SKNSH_skew	[-1.0,-0.5)	Other cCREs	228365	228220	150813.556	307953.986292	226825	-53634.97493350938	435331.9108939395	5200	9101	27796	0.02292516257026342	3.1424955169447093e-4	0.022309233448942256	0.02354109169158458
SKNSH_skew	[-1.0,-0.5)	PLS	52740	52722	14571.654	16417.455232	52700	93984.5869779447	642031.0212096518	18090	20106	30253	0.3432637571157495	0.002068255368375626	0.3392099765937333	0.34731753763776574
SKNSH_skew	[-1.0,-0.5)	dELS	701840	701697	443091.079	865115.228165	700413	-20363.732088073524	2290659.3849299094	45148	67741	214121	0.06445911198107403	2.9342454957086926e-4	0.06388399986391512	0.06503422409823294
SKNSH_skew	[-1.0,-0.5)	non-cCRE	1222286	1220503	965227.591	2052359.711795	1207474	-442305.6943390965	2052872.577895856	13744	51829	24614	0.011382439704705857	9.653681036337349e-5	0.011193227556393645	0.01157165185301807
SKNSH_skew	[-1.0,-0.5)	pELS	115061	114956	54750.084	90563.35383	114875	46757.190002118245	584561.0222397493	14697	30962	43252	0.12793906420021764	9.855127311276671e-4	0.1260074592472074	0.12987066915322787
SKNSH_skew	[-1.5,-1.0)	Other cCREs	47338	47326	33452.624	70780.052786	46928	-12617.245989823246	80903.08424932408	824	1945	6445	0.017558813501534265	6.062961921895083e-4	0.016370472964842828	0.018747154038225702
SKNSH_skew	[-1.5,-1.0)	PLS	14368	14363	4314.099	5264.051503	14358	35272.107987335294	235013.3393452744	6278	5697	8966	0.4372475275107954	0.004139762370401043	0.4291335932648093	0.44536146175678143
SKNSH_skew	[-1.5,-1.0)	dELS	144976	144955	99602.846	203180.881726	144699	-1684.1789887470673	475810.0999878272	9738	14334	53513	0.06729832272510522	6.5862882569059e-4	0.06600741022675166	0.06858923522345878
SKNSH_skew	[-1.5,-1.0)	non-cCRE	231877	231750	209694.167	465601.516569	229539	-84996.34983586486	380575.59789972333	2310	10435	5084	0.010063649314495576	2.0833063645272609e-4	0.009655321267048234	0.010471977361942919
SKNSH_skew	[-1.5,-1.0)	pELS	22546	22517	11855.726	20800.551152	22509	14086.015014072653	145243.7878393627	3671	6117	9749	0.16309031942778443	0.0024624945998347083	0.1582638300121084	0.16791680884346047
SKNSH_skew	[0.05,0.2)	Other cCREs	4916008	4912197	855537.828	678241.460208	4890493	-538552.0855906137	8101020.489913989	127164	156610	214873	0.026002286477048428	7.196286036400381e-5	0.02586123927073498	0.026143333683361875
SKNSH_skew	[0.05,0.2)	PLS	340789	339627	54856.489	30234.991509	340557	93275.33295681304	1776686.0660611624	43668	117323	127779	0.128225231018596	5.729200050791846e-4	0.12710230780864082	0.1293481542285512
SKNSH_skew	[0.05,0.2)	dELS	12848625	12845957	2223308.695	1728535.9279810004	12830947	-760119.67792059	30981369.84470363	590186	964350	1483321	0.04599707254655482	5.8480434977568066e-5	0.04588245089399879	0.046111694199110854
SKNSH_skew	[0.05,0.2)	non-cCRE	59221030	59192793	9809476.543999985	7061976.270537979	58465408	-9095061.130920842	72851508.39471434	753225	1487219	306376	0.012883259105965703	1.4748492679573372e-5	0.01285435206031374	0.012912166151617666
SKNSH_skew	[0.05,0.2)	pELS	1925303	1923601	312682.627	206494.236811	1923386	17584.137951118602	5161833.28600391	109299	439718	313437	0.05682634686953113	1.669311840913711e-4	0.05649916174871204	0.05715353199035021
SKNSH_skew	[0.2,0.5)	Other cCREs	757967	757182	160717.263	186939.938031	752368	-101707.3338691582	1198101.7328572082	16958	28791	40781	0.022539501945856282	1.7112229946062354e-4	0.02220410223891346	0.022874901652799106
SKNSH_skew	[0.2,0.5)	PLS	98146	97966	16014.694	9290.467076	98081	55077.480981676614	611782.6934566017	16601	35997	41507	0.16925806221388445	0.001197333978471989	0.16691128761607935	0.17160483681168956
SKNSH_skew	[0.2,0.5)	dELS	2178374	2177729	442521.479	478716.152371	2174478	-101165.10396342946	5262775.612010089	102646	187042	330441	0.04720489239256502	1.4381883159633144e-4	0.04692300748263621	0.04748677730249383
SKNSH_skew	[0.2,0.5)	non-cCRE	6763308	6756065	1315407.609	1431204.601783	6684153	-1068605.6812593325	8426674.723340318	84831	226574	59592	0.012691361194155789	4.3296957515766694e-5	0.012606499157424886	0.012776223230886691
SKNSH_skew	[0.2,0.5)	pELS	371639	371326	66770.339	56061.556467	371158	52324.15304861663	1154356.0743708797	28232	94682	80751	0.0760646409345885	4.3514379076314353e-4	0.07521175910469274	0.07691752276448427
SKNSH_skew	[0.5,1.0)	Other cCREs	172165	171984	39763.256	51786.71211	170800	-28879.40094884276	271165.5590048664	3420	6721	10223	0.020023419203747072	3.389479684767739e-4	0.019359081185532596	0.020687757221961547
SKNSH_skew	[0.5,1.0)	PLS	25812	25775	4416.023	2902.087743	25798	18839.093996377534	184230.66242564493	4980	9457	10808	0.1930382200170556	0.002457282658978739	0.18822194600545727	0.1978544940286539
SKNSH_skew	[0.5,1.0)	dELS	524062	523910	118825.16	146623.672808	523178	-34868.47797545873	1296490.362082764	24854	47309	89333	0.04750582019886157	2.940897166949002e-4	0.046929404354139566	0.048082236043583575
SKNSH_skew	[0.5,1.0)	non-cCRE	1296258	1294511	271943.64	330770.003258	1282179	-230563.44457727345	1649695.998983668	15342	49616	14416	0.011965567990116825	9.602368522282753e-5	0.011777361567080083	0.012153774413153568
SKNSH_skew	[0.5,1.0)	pELS	91916	91825	17298.227	15736.109927	91806	19325.112008672317	322264.2532399529	8075	24217	21823	0.08795721412543843	9.347765438805131e-4	0.08612505209943262	0.08978937615144424
SKNSH_skew	[1.0,1.5)	Other cCREs	31328	31292	7554.66	10474.303164	31100	-6122.085999486618	48398.74332561733	544	1211	2035	0.017491961414790997	7.433735715655169e-4	0.016034949214522583	0.01894897361505941
SKNSH_skew	[1.0,1.5)	PLS	5377	5370	876.3679999999999	487.383434	5375	4716.702001552678	43480.50017969252	1140	1971	2176	0.21209302325581394	0.0055758544697905536	0.20116434849502446	0.22302169801660343
SKNSH_skew	[1.0,1.5)	dELS	99580	99559	23616.795	30941.526719	99401	-7059.930983916274	246874.43841303457	4752	9168	18099	0.047806360096980915	6.767216963537814e-4	0.046479985572127507	0.049132734621834324
SKNSH_skew	[1.0,1.5)	non-cCRE	209357	209212	45018.399	55928.860521	207447	-44414.11794058093	282986.3270714508	2352	8558	2745	0.011337835688151672	2.324531614651348e-4	0.010882227491680007	0.011793443884623337
SKNSH_skew	[1.0,1.5)	pELS	18146	18127	3441.434	3211.722374	18124	4534.000994647503	68017.09510627923	1731	4993	4724	0.0955087177223571	0.002183215837407093	0.0912296146810392	0.099787820763675
SKNSH_skew	[1.5,Inf)	Other cCREs	10329	10327	2103.696	2466.96017	10275	-2153.040997465724	15520.944260593938	156	379	681	0.015182481751824817	0.0012063083980919172	0.01281811729156466	0.017546846212084976
SKNSH_skew	[1.5,Inf)	PLS	1630	1628	272.988	154.080336	1630	1535.6710024651843	14199.753650491491	368	603	635	0.22576687116564417	0.01035552640015793	0.20547003942133463	0.24606370290995372
SKNSH_skew	[1.5,Inf)	dELS	33024	33013	7114.088	8545.842228	32973	-3064.803995774359	79766.76128905674	1507	3056	5994	0.045704060898310736	0.0011501108523645023	0.04344984362767631	0.04795827816894516
SKNSH_skew	[1.5,Inf)	non-cCRE	67008	66971	11576.155	11397.990271	66330	-15073.42797759792	88578.85303786071	643	2577	896	0.009693954470073873	3.804347714913246e-4	0.008948302317950877	0.01043960662219687
SKNSH_skew	[1.5,Inf)	pELS	5997	5991	1077.343	932.818783	5992	1064.2479989884885	19974.96032123208	539	1628	1604	0.08995327102803738	0.0036961911632633604	0.0827087363480412	0.09719780570803356
mean_skew	(-Inf,-1.5)	Other cCREs	13800	13799	12349.991	27056.601001	13708	-5564.988994104321	27139.501238684257	181	569	2101	0.01320396848555588	9.749422443215753e-4	0.011293081686685592	0.015114855284426168
mean_skew	(-Inf,-1.5)	PLS	4082	4082	1472.867	1990.296065	4079	13255.30400350865	93013.81926846816	2143	1552	2810	0.5253738661436627	0.00781867577248443	0.5100492616295932	0.5406984706577321
mean_skew	(-Inf,-1.5)	dELS	38651	38649	32402.074	69593.091282	38573	-2023.4070012718444	136764.84714195837	2617	3901	16974	0.06784538407694501	0.0012804494009952048	0.06533570325099441	0.07035506490289561
mean_skew	(-Inf,-1.5)	non-cCRE	73105	73072	78766.375	178300.267705	72451	-34751.47294242855	131579.95150642018	473	3249	1609	0.0065285503305682465	2.992015793527087e-4	0.005942115235036937	0.007114985426099556
mean_skew	(-Inf,-1.5)	pELS	5941	5941	3732.898	7149.402922	5938	5155.873997278048	47855.4968745778	1125	1594	3202	0.18945772987537893	0.005085385754935243	0.17949037379570584	0.199425085955052
mean_skew	[-0.05,0.05)	Other cCREs	19253756	19239780	4667995.067999997	6235899.643675992	19169835	-354505.73551226984	30171411.943622947	588080	563508	691032	0.03067736368101238	3.9385286361534654e-5	0.030600168519743773	0.03075455884228099
mean_skew	[-0.05,0.05)	PLS	781434	776399	161500.537	146345.360561	780785	175674.34789312675	3565243.960793976	85050	248942	249971	0.10892883444226004	3.5258342554855756e-4	0.10823777092818486	0.10961989795633521
mean_skew	[-0.05,0.05)	dELS	44819964	44808536	11215260.910999987	14898848.858437045	44761226	2711511.2516023624	101146987.13927723	2272309	3052904	4197465	0.05076511979363568	3.281093187981416e-5	0.050700810367151246	0.05082942922012012
mean_skew	[-0.05,0.05)	non-cCRE	300276644	300125299	69129009.32099964	89533144.2239522	296738718	-28551962.123907413	336980404.80875725	4248978	6385630	1006962	0.014318920121505681	6.896619016557161e-6	0.014305402748233229	0.014332437494778133
mean_skew	[-0.05,0.05)	pELS	6263870	6257649	1423632.525	1628391.138129	6257937	379565.7980156528	14647973.521846903	325676	1308218	785102	0.05204207073353407	8.878839854169886e-5	0.05186804547239234	0.0522160959946758
mean_skew	[-0.2,-0.05)	Other cCREs	4255063	4251281	2098108.723	4056990.916029	4228409	-635800.1861391333	7216805.810878036	105496	151532	230612	0.024949336736346934	7.584982778794032e-5	0.02480067107388257	0.025098002398811298
mean_skew	[-0.2,-0.05)	PLS	416240	415314	115861.465	130657.994247	415866	199504.20497920184	2330956.257092432	63299	146053	179539	0.15221008690299279	5.570435269291297e-4	0.15111828159021168	0.1533018922157739
mean_skew	[-0.2,-0.05)	dELS	12036621	12032884	5990088.542	11137597.217528004	12016417	-602183.289455111	30699900.05560243	600117	994181	1824098	0.049941425967490974	6.283739385005109e-5	0.04981826467554487	0.05006458725943708
mean_skew	[-0.2,-0.05)	non-cCRE	43081688	43048644	21153993.456999995	41709995.77638897	42528544	-8231279.698026931	59172960.31490241	612380	1279466	357094	0.014399270287738982	1.8267557913546203e-5	0.014363465874228432	0.014435074701249533
mean_skew	[-0.2,-0.05)	pELS	1900109	1898261	762262.329	1204663.754689	1897808	125413.6210439668	5539558.101923968	125848	458154	402012	0.06631229291898864	1.8062244069425943e-4	0.0659582729352279	0.0666663129027494
mean_skew	[-0.5,-0.2)	Other cCREs	805541	804859	460422.323	916458.223371	800188	-175676.79075352487	1435819.4441845398	17738	32766	75206	0.02216729068668863	1.645858790651631e-4	0.021844702363720908	0.02248987900965635
mean_skew	[-0.5,-0.2)	PLS	154255	154097	40628.936	42898.657418	154158	169009.89595559266	1253718.5213320043	37558	57187	81874	0.24363315559361176	0.0010933303478621495	0.24149022811180196	0.24577608307542156
mean_skew	[-0.5,-0.2)	dELS	2449358	2448537	1366019.904	2609049.365108	2444992	-175907.00913036492	6925578.240593849	132386	231387	591056	0.054145780436091404	1.4472904303335874e-4	0.05386211151174602	0.05442944936043679
mean_skew	[-0.5,-0.2)	non-cCRE	5383911	5379211	3520804.888	7159648.814744	5330181	-1671147.209556833	8426497.557637658	64992	208949	87573	0.012193206947381336	4.753614927138002e-5	0.012100036094809431	0.012286377799953242
mean_skew	[-0.5,-0.2)	pELS	427926	427421	179838.229	285013.803037	427303	102303.23599986744	1661649.771738611	42214	114081	139039	0.09879172390551903	4.5646228153327053e-4	0.09789705783371382	0.09968638997732425
mean_skew	[-1.0,-0.5)	Other cCREs	201190	201098	128908.802	263296.8298	199944	-39538.4009736717	424587.0289559355	5729	8358	31716	0.02865302284639699	3.730939712619248e-4	0.027921758662723617	0.029384287030070365
mean_skew	[-1.0,-0.5)	PLS	53007	52994	14880.256	16471.118376	52977	102774.3559716857	677338.2470084938	19402	20257	32731	0.3662344036091134	0.0020931493583612403	0.3621318308667254	0.3703369763515014
mean_skew	[-1.0,-0.5)	dELS	615734	615611	380846.462	745203.94851	614635	5062.622893198966	2146066.768785348	43293	61958	215794	0.07043692598045995	3.263855966788855e-4	0.06979721021096934	0.07107664174995056
mean_skew	[-1.0,-0.5)	non-cCRE	915473	914992	702962.434	1510588.37472	907472	-318128.3105041496	1562767.0047608542	11188	41104	23240	0.012328755046987676	1.1583750639961772e-4	0.012101713534444426	0.012555796559530926
mean_skew	[-1.0,-0.5)	pELS	106887	106801	48339.677	78691.864137	106711	56482.23901360098	594276.9656291849	15441	29816	46167	0.14469923438071053	0.0010769311825280107	0.14258844926295564	0.14681001949846542
mean_skew	[-1.5,-1.0)	Other cCREs	41531	41519	28017.886	58924.936298	41156	-8177.02798378037	81782.47384873174	1056	1790	7099	0.02565847021090485	7.793892432603784e-4	0.024130867294114507	0.02718607312769519
mean_skew	[-1.5,-1.0)	PLS	12488	12484	3734.4	4474.651794	12471	34667.54797589255	229699.88482884175	5986	5002	8467	0.47999358511747253	0.004473747076783416	0.47122504084697703	0.48876212938796804
mean_skew	[-1.5,-1.0)	dELS	123550	123532	81675.89	166782.881494	123277	10906.66699808242	464089.6376422137	9652	12780	52160	0.07829522133082407	7.651076055627223e-4	0.07679561042392113	0.07979483223772701
mean_skew	[-1.5,-1.0)	non-cCRE	194394	194316	168252.253	377884.552397	192343	-67118.15683932623	308199.29107094585	1844	9057	4682	0.009587039819489142	2.2218371814184583e-4	0.009151559731931123	0.01002251990704716
mean_skew	[-1.5,-1.0)	pELS	20503	20485	10170.348	17591.603004	20470	15736.004017203477	145111.3701435394	3673	5733	10109	0.17943331704934048	0.002681943110174883	0.1741767085533977	0.18468992554528327
mean_skew	[0.05,0.2)	Other cCREs	4175553	4172266	779122.926	707585.695018	4153187	-472633.8465766834	6779121.265738587	104552	138047	189512	0.025173920654186773	7.686847340960066e-5	0.025023258446303955	0.02532458286206959
mean_skew	[0.05,0.2)	PLS	313963	313022	51076.427	30089.251579	313720	86324.60595887485	1640181.6259570287	40148	109027	116234	0.12797398954481704	5.964231209120631e-4	0.1268050002278294	0.12914297886180467
mean_skew	[0.05,0.2)	dELS	11150681	11148116	2075569.804	1840973.8854980003	11134829	-625822.7076987294	26637324.95422929	509217	860464	1341812	0.04573191020715271	6.2604146039011e-5	0.04560920608091625	0.04585461433338917
mean_skew	[0.05,0.2)	non-cCRE	46523755	46499324	8207783.258999991	6971771.180948983	45962942	-7068293.57159667	57314339.16248618	591546	1247765	268865	0.012870063887555327	1.6625457424569062e-5	0.012837477991003172	0.012902649784107482
mean_skew	[0.05,0.2)	pELS	1700743	1699282	289315.886	213072.229398	1698953	41004.2370044001	4556654.496905348	98582	395931	286391	0.058025148429650494	1.7936475220044023e-4	0.05767359351533763	0.05837670334396336
mean_skew	[0.2,0.5)	Other cCREs	667583	666974	144814.014	171977.746984	662930	-99780.71989298672	1044299.4915694668	14037	25934	38311	0.02117418128610864	1.7681625391981657e-4	0.0208276214284258	0.02152074114379148
mean_skew	[0.2,0.5)	PLS	90126	89984	14702.7	9000.873186	90065	49253.06397302752	556200.0747032574	15079	32706	37790	0.1674235274523955	0.001244062743686666	0.16498516447476963	0.16986189043002137
mean_skew	[0.2,0.5)	dELS	1965695	1965104	410725.89	456709.371276	1962468	-120462.2980002238	4755142.694265989	91144	173052	313389	0.046443559844033123	1.5022238755280009e-4	0.046149123964429634	0.04673799572363661
mean_skew	[0.2,0.5)	non-cCRE	5469817	5465663	1097316.176	1242129.829532	5413034	-927647.2686759564	6956406.747256499	67586	191483	54242	0.012485788930939655	4.772646784009427e-5	0.01239224505397307	0.012579332807906239
mean_skew	[0.2,0.5)	pELS	341338	341026	62004.751	53277.346503	340898	46903.91304374405	1072494.9119457202	26040	88786	78155	0.07638648510698215	4.5492643768227966e-4	0.07549482928912488	0.07727814092483942
mean_skew	[0.5,1.0)	Other cCREs	138054	137923	32564.364	43028.278932	136967	-26907.176962325335	219236.9332939707	2535	5535	8905	0.018508107792387946	3.6418025573962644e-4	0.017794314491138278	0.019221901093637615
mean_skew	[0.5,1.0)	PLS	22121	22082	3744.936	2420.061784	22112	15838.655993747749	153735.72575786046	4216	8118	9445	0.19066570188133142	0.002641716739223309	0.18548793707245373	0.1958434666902091
mean_skew	[0.5,1.0)	dELS	430682	430562	100076.533	125478.202031	430015	-45979.97994193973	1053573.761858926	19199	40128	78481	0.04464727974605537	3.149470693162538e-4	0.04402998349019551	0.045264576001915226
mean_skew	[0.5,1.0)	non-cCRE	980225	979565	205153.035	246698.509443	971731	-188892.2386758631	1270950.02350537	11061	39341	12659	0.011382779802229218	1.0761312022830374e-4	0.011171858086581743	0.011593701517876693
mean_skew	[0.5,1.0)	pELS	79046	78971	14929.523	13674.780841	78929	14842.88599718642	274456.0389814463	6890	21373	20243	0.0872936436544236	0.0010047049639895194	0.08532442192500414	0.08926286538384307
mean_skew	[1.0,1.5)	Other cCREs	23107	23092	5278.003	7047.858627	22927	-5384.609001244767	35178.06356517144	336	923	1566	0.014655210014393509	7.936271562025965e-4	0.01309970078823642	0.0162107192405506
mean_skew	[1.0,1.5)	PLS	3727	3724	594.125	325.030951	3724	3048.672004914376	27979.369480083056	753	1352	1497	0.20220193340494091	0.006581642755169223	0.18930191360480925	0.21510195320507258
mean_skew	[1.0,1.5)	dELS	75500	75485	17670.426	23087.171904	75365	-8887.001986477291	183639.34996868137	3317	7135	14191	0.04401247263318517	7.471867215721656e-4	0.042547986658903726	0.04547695860746661
mean_skew	[1.0,1.5)	non-cCRE	152273	152195	27095.078	27905.057914	150883	-36441.56995941722	206713.93752476756	1517	6824	2222	0.010054147915934864	2.568373616465138e-4	0.009550746687107696	0.010557549144762032
mean_skew	[1.0,1.5)	pELS	14644	14615	2638.653	2330.116897	14627	2320.8770037000063	48006.28471395328	1222	4119	4030	0.08354413071716689	0.00228789516243185	0.07905985619880046	0.08802840523553332
mean_skew	[1.5,Inf)	Other cCREs	6592	6590	1126.614	1044.569308	6550	-1630.276994159213	10402.583409095732	96	255	342	0.01465648854961832	0.001484869022574211	0.011746145265372867	0.017566831833863775
mean_skew	[1.5,Inf)	PLS	821	817	130.861	74.659995	821	532.96800020081	4874.291246969352	138	277	332	0.16808769792935443	0.01305074065287129	0.14250824624972672	0.19366714960898215
mean_skew	[1.5,Inf)	dELS	20982	20976	3825.131	3813.753021	20949	-3189.432994213538	48660.98806490829	810	2045	3633	0.038665330087355	0.0013320376957729418	0.036054536203640034	0.04127612397106997
mean_skew	[1.5,Inf)	non-cCRE	42349	42330	5854.89	3372.235668	41947	-12649.381987916076	61633.57712050998	371	1785	594	0.00884449424273488	4.571481300567546e-4	0.007948483907823642	0.009740504577646119
mean_skew	[1.5,Inf)	pELS	4265	4251	675.9159999999999	458.024594	4260	775.1930023320024	13229.274346676284	368	1201	1159	0.0863849765258216	0.0043042345225903856	0.07794867686154444	0.09482127619009875
