vep_consequence	mut_class	n_COMMON	n_SINGLETON	sum_MR_COMMON	sum_MR_SINGLETON	sum_MR_sq_COMMON	sum_MR_sq_SINGLETON	n_phyloP_COMMON	n_phyloP_SINGLETON	sum_phyloP_COMMON	sum_phyloP_SINGLETON	sum_phyloP_sq_COMMON	sum_phyloP_sq_SINGLETON	n_conserved_COMMON	n_conserved_SINGLETON	gw_SINGLETON	gw_COMMON	odds	lci	uci	log2odds	log2lci	log2uci
3 prime UTR variant	CpG transition	26983	136366	50526.087	245182.277	106984.284459	491318.963693	26959	136250	-21803.447989653912	-60806.77403086751	95176.1297998484	560399.4389991186	576	7817	6454395	1815018	1.430184130207021	1.4114246270473936	1.4492497449046988	0.5162008998956612	0.49715208798819777	0.5353062316708976
3 prime UTR variant	non-CpG transition	87047	2557581	13079.582	363121.173	2999.519454	71547.478827	86958	2555846	-5779.890986639543	1234109.238145259	232478.44168320415	9176101.176112436	4793	279318	160782109	6484763	1.1880183686871781	1.179940078286359	1.1961614232740783	0.24855714271193535	0.23871359606663525	0.2584120959258832
3 prime UTR variant	non-CpG transversion	51562	1781544	3861.238	95053.613	1828.849198	9755.171897000002	51499	1779992	1362.423007119563	865690.0932434814	127346.79269546882	6447471.281428333	2940	195678	116922263	4010613	1.1880143528478264	1.1775466411881723	1.1985724809057148	0.24855226598488928	0.23578420436310468	0.26131715527942856
5 prime UTR variant	CpG transition	10635	172268	14273.294	125407.244	27017.965618	170188.713024	10617	172179	-6427.410000161618	76709.38096681636	42547.20986845915	1008008.6425673576	502	27791	6454395	1815018	4.6521818323964	4.561917294369513	4.74446363007701	2.217907486228561	2.1896402914364264	2.246244997263859
5 prime UTR variant	non-CpG transition	31784	962141	4523.078	135053.249	930.079978	24794.867973	31766	961555	638.6709750174787	561397.5138630026	102922.0627727236	4322062.176071089	2277	130715	160782109	6484763	1.2222137703269502	1.2086028486032065	1.2360083008691254	0.28949664065443953	0.27334024749845665	0.30568843222489983
5 prime UTR variant	non-CpG transversion	22127	837454	1592.383	54159.362	370.206939	6092.49299	22112	836782	1081.9109890849795	504980.80595535995	74868.98927142227	4102065.817656938	1746	122822	116922263	4010613	1.3003285838925929	1.2830041846867635	1.317931309294909	0.378876228217748	0.3595258759747472	0.39827517890280156
TF binding site variant	CpG transition	4836	22729	8635.92	34645.132	18103.629742	65222.565264	4663	22520	-4175.018998438378	-15604.679999059064	15585.074664827913	80555.39768461711	65	709	6454395	1815018	1.3225732374898613	1.2820490461453433	1.364618266094786	0.4033476137857529	0.3584514548405628	0.4484974327320058
TF binding site variant	non-CpG transition	13470	328323	1974.724	47673.783	385.96412	8803.935567	13174	322530	-2581.977001077378	60255.20599112137	30708.4840966654	774294.3493247938	506	20060	160782109	6484763	0.9829752345018625	0.9661706464542353	1.0001772259767945	-0.024773025739035337	-0.04965007244049208	2.5566038367660037e-4
TF binding site variant	non-CpG transversion	8446	247126	580.151	15163.897	118.987561	1686.414095	8119	239904	-1334.8700017753292	32023.824978226436	17341.36834438298	605663.2460586509	308	14570	116922263	4010613	1.0035400170596105	0.9819799302268423	1.02569501021276	0.005098146608222916	-0.026234555946265746	0.036601810218812536
coding sequence variant	CpG transition	2	8	0.8500000000000001	8.86	0.398788	16.454424	2	8	0.9159999638795808	-2.919999781996014	1.1637279109210954	25.37455206744485	0	1	6454395	1815018	0.8436019292052663	0.21053483147790164	4.844661441058443	-0.24536570050055626	-2.2478691583018384	2.2763958494644347
coding sequence variant	non-CpG transition	5	34	0.395	5.335	0.032733	1.377429	5	34	1.341999992728234	17.797999853268276	7.736683795467383	101.2134139120852	0	4	160782109	6484763	0.235272653173498	0.09794750124878882	0.6843263765827715	-2.0875944556842656	-3.3518475015898095	-0.5472435394030639
coding sequence variant	non-CpG transversion	3	34	0.234	2.464	0.032076	0.353474	3	34	0.16499998793005982	31.41399961709981	0.1886249938309195	356.74006655880925	0	10	116922263	4010613	0.30014116992189693	0.10734607690971777	1.162551005689523	-1.7362868700252634	-3.219658627736474	0.2172940143205074
downstream gene variant	CpG transition	72718	232979	143903.733	441974.217	320948.445311	926582.611209	72394	232181	-68604.15896736375	-182513.41088626088	211520.1313259754	629199.8100088743	358	2549	6454395	1815018	0.8972169132066092	0.8896427213467254	0.9048865958429396	-0.15647127833152918	-0.1687020258061764	-0.14419109591425175
downstream gene variant	non-CpG transition	239384	5560438	35294.052	797985.411	7026.017856	147510.822441	238522	5545622	-78078.5469432998	-60181.92609963265	389247.74598842853	6581013.019303368	3227	110793	160782109	6484763	0.9345549125946566	0.9306789675969672	0.9385123825929376	-0.09764865852476182	-0.10364449072029945	-0.09155231500161834
downstream gene variant	non-CpG transversion	149386	4046914	11441.028	234921.231	4794.320524	25605.761387	148746	4032992	-45189.81797473401	-116092.1652333294	233614.36951193423	5078721.546107339	2067	81799	116922263	4010613	0.9267209013679955	0.9218061738436348	0.9316078675490524	-0.10979318412662882	-0.11746466465718361	-0.1022052715407369
incomplete terminal codon variant	CpG transition	1	7	2.207	11.123	4.870849	21.541839	1	7	-6.40700006484985	3.1859999299049435	41.049649830986	87.91271386249926	0	2	6454395	1815018	1.1248264369148542	0.22447392769508678	10.87312947514857	0.16970240773587394	-2.1553802070227	3.442695327661505
incomplete terminal codon variant	non-CpG transition	2	90	0.305	13.423	0.053357	2.829789	2	90	-1.070000022649765	62.65000033192339	0.702500034570694	697.4731349312215	0	20	160782109	6484763	1.2234251461535746	0.40561011565494093	6.043038730570312	0.2909258344973007	-1.3018344622126843	2.5952741884752246
incomplete terminal codon variant	non-CpG transversion	2	56	0.04	3.218	8e-4	0.295164	2	56	-1.6169999837875362	13.29700030293312	6.40496884284592	424.5756925671832	0	8	116922263	4010613	0.6517418849428832	0.21203904382731759	3.253513206385586	-0.6176273804952241	-2.237598154864366	1.7019984098088978
intergenic variant	CpG transition	403879	950988	850713.793	1918427.742	1998307.818231	4165479.678304	393073	938690	-351704.8617548266	-701828.6985080675	992443.0104637116	2236780.03451559	1440	7755	6454395	1815018	0.6037662226386253	0.6012555889226721	0.6062660277266309	-0.7279380465400018	-0.7339496954873476	-0.7219771119726902
intergenic variant	non-CpG transition	1586104	37038289	245227.98	5523819.262999992	51271.776892	1075171.6961950008	1548855	36153998	-499547.9315749792	-1385498.7139233686	2122547.9041614314	35647625.42027644	15369	549521	160782109	6484763	0.9244187821721047	0.9227653301503419	0.9261341403468973	-0.11338152236949119	-0.11596429433394503	-0.11070692775423566
intergenic variant	non-CpG transversion	1005046	27689052	76288.308	1680032.943000001	27242.372258	193281.97283699908	973712	26778155	-301430.102710954	-1319892.1426539416	1326253.9438026077	27577936.32174298	10005	414595	116922263	4010613	0.9279363772774261	0.9258349212299034	0.9300531621940831	-0.10790220260880455	-0.11117311474292652	-0.10461491131001105
intron variant	CpG transition	1069831	3702457	2127393.312	6966845.129	4743090.6462199995	14471740.122855004	1065297	3694232	-958530.2154581848	-2651217.7657051915	2973630.384101276	10142880.280662963	6226	57066	6454395	1815018	0.9371110588051651	0.9339863364274956	0.9402702102494435	-0.09370806035096887	-0.09852665042617388	-0.0888526838761907
intron variant	non-CpG transition	3811519	96340938	584251.884	13943259.525000058	133178.673578	2772224.351035028	3801918	96146669	-1127801.754400794	754212.4102364165	6293576.58365345	126652312.5256056	58803	2352097	160782109	6484763	1.0485214074772604	1.0469011339531202	1.0502135583880474	0.06835631698624431	0.06612520512424602	0.07068272627196512
intron variant	non-CpG transversion	2334067	69108333	172508.352	3825798.439999979	70726.145124	400074.643213999	2325990	68919102	-565586.4526379119	1127220.3405289506	3583395.962187134	93169304.6168806	38532	1774722	116922263	4010613	1.0382176847553308	1.0361157246305717	1.0402972113183317	0.05410896757895846	0.05118514783778348	0.05699576301787572
mature miRNA variant	CpG transition	47	370	82.688	536.397	178.164378	1034.274783	47	370	-45.779999613761895	509.10400008968986	136.92128907988135	5671.453435471106	0	102	6454395	1815018	2.173491763520345	1.6060325410348915	3.000842985403044	1.1200146285118497	0.6835011246821564	1.5853678340623123
mature miRNA variant	non-CpG transition	82	2876	11.808	412.263	2.220766	76.272173	80	2870	-12.605999324470764	3395.661985381856	235.6573573674251	27861.466553631977	4	619	160782109	6484763	1.3980477846805195	1.1239048103982985	1.76069600509267	0.48341367226088466	0.16851985105550438	0.8161458405693811
mature miRNA variant	non-CpG transversion	47	2111	3.617	126.544	0.631467	13.48249	41	2108	-9.188000171445315	2369.781000447228	157.85945956593764	21844.92608286991	2	456	116922263	4010613	1.5092817256893234	1.1341536985638652	2.0535498022926397	0.593862127480666	0.18161616508638384	1.0381199357023443
missense variant	CpG transition	11013	236500	20169.153	391597.406	42488.283249	782774.814676	11003	236420	10927.019966799657	1158997.7277289531	147176.77612234416	9158890.572659526	3253	168341	6454395	1815018	6.229970217508188	6.111130761249769	6.351216930270427	2.6392252664345186	2.61143935102795	2.667033047169563
missense variant	non-CpG transition	21456	1137702	3250.457	166665.054	762.600503	34850.123496	21429	1136796	29624.434964161243	4449177.282057075	239195.2588436468	30537798.99643987	6777	715570	160782109	6484763	2.146649029687701	2.1177525900546144	2.175959594586721	1.1020863344106846	1.0825340539429285	1.1216517674197881
missense variant	non-CpG transversion	15787	1056370	939.61	60469.66	105.852288	5737.561542	15739	1055212	21252.72695915623	3645910.569388607	179283.66665015413	25865717.797768336	4769	598237	116922263	4010613	2.306915629392796	2.270895803651835	2.343730235868254	1.205965241436401	1.1832615118557215	1.2288065246355795
non coding transcript exon variant	CpG transition	58872	290430	110384.267	466596.037	237767.633587	916477.330251	58677	289954	-47001.10200269114	-144010.77097747166	266833.19926791143	1308952.4276623384	1998	15949	6454395	1815018	1.4054665782984224	1.392877524056632	1.4182857308009515	0.49104914713951636	0.4780684071105037	0.5041482102101372
non coding transcript exon variant	non-CpG transition	179381	4486686	26557.316	639958.9619999999	5698.738008	121622.893174	179000	4480020	-27370.46497390035	747457.6667959031	497823.0833051035	11265767.660919484	8227	258983	160782109	6484763	1.0090487003683866	1.0042282244248155	1.0139220701557259	0.012995805846090752	0.006087178480781735	0.019946771354669764
non coding transcript exon variant	non-CpG transversion	108946	3276935	7460.89	185787.68	2294.494224	19017.00696	108576	3270493	-9865.078009593652	535311.1528879037	288758.7701486335	8777570.281003185	5150	196933	116922263	4010613	1.032646015990979	1.0263466774557504	1.039013107400514	0.04634579292992343	0.03751812409004328	0.05521385430222387
non coding transcript variant	non-CpG transition	0	7	0	0.954	0	0.158354	0	7	0	-1.221000000834465	0	16.38038927382085	0	1	160782109	6484763	0.322664106237548	0.04325938644642782	14.317328984083181	-1.6318949962482607	-4.530842986263393	3.839690465922318
non coding transcript variant	non-CpG transversion	0	3	0	0.314	0	0.05075	0	3	0	0.27199998497962896	0	0.4330419566588416	0	0	116922263	4010613	0.13722466337342062	0.013578739658333972	6.75705855156538	-2.8653882946537212	-6.2025066110060045	2.7563953564793957
regulatory region variant	CpG transition	52945	183777	104275.475	349794.773	232187.336513	731201.475111	52753	183351	-48244.21498782572	-139444.55097715152	162799.51252741518	556831.8106681489	467	3174	6454395	1815018	0.9753792006287976	0.9658633973084753	0.9849856886728519	-0.03596488678426783	-0.05010893270133813	-0.02182533177083435
regulatory region variant	non-CpG transition	190237	4584681	27774.081	653576.959	5417.787113	118622.137673	189648	4572871	-43920.929976723965	314024.5381881824	339483.3760653963	7505581.53565311	4545	172801	160782109	6484763	0.9711758272069607	0.9666913726792344	0.9757102426102001	-0.042195581863216675	-0.048872728633013195	-0.0354753217044777
regulatory region variant	non-CpG transversion	116219	3302421	8260.995	190424.441	2771.132829	19849.618281	115749	3289697	-22890.64099606488	205595.44613573872	198572.3877904224	5644147.451284272	2810	128392	116922263	4010613	0.9739455282771335	0.9681866959078325	0.9797525376322912	-0.03808700870092005	-0.046642824980750265	-0.029510690367067105
splice acceptor variant	CpG transition	36	71	51.58	115.216	94.92634	233.105154	36	71	-11.171000448986891	94.34500011987984	98.7028341408944	983.7829418727038	2	21	6454395	1815018	0.5472148584482556	0.36319065538504397	0.8369287369279063	-0.8698206908357303	-1.4612010112097678	-0.25682330993452773
splice acceptor variant	non-CpG transition	592	28248	72.279	3261.515	11.519169	414.576693	591	28213	278.8229998843746	88973.82479981739	3315.537435102606	653039.0258692177	80	13307	160782109	6484763	1.921519199303828	1.7713033308511708	2.087911028807274	0.9422473914941539	0.824811290826417	1.0620602363171243
splice acceptor variant	non-CpG transversion	334	18955	15.386	867.784	0.991212	57.203102	332	18937	173.99500000430274	61910.04784347958	1491.5835759917095	470510.6117454948	38	8854	116922263	4010613	1.941117462886958	1.7422528392188283	2.16903771885778	0.9568874225322755	0.8009540059217358	1.117055141224073
splice donor variant	CpG transition	151	1377	284.581	2614.057	639.718305	5733.631309	151	1376	-83.78899975866096	6791.430957869046	1149.764208424661	61618.72395749014	11	897	6454395	1815018	2.549751273618814	2.1550935115635856	3.0349734286625436	1.3503565200965972	1.10775047058681	1.601683885672197
splice donor variant	non-CpG transition	855	33462	131.545	5236.028	25.072647	945.464466	854	33420	290.6899986409117	108022.25470459982	5543.0614396271785	855816.5954873358	114	15378	160782109	6484763	1.5768230325580574	1.4733271568115265	1.6895081370689027	0.6570207550065938	0.5590778208032031	0.7566032988773781
splice donor variant	non-CpG transversion	491	26246	30.549	1653.497	2.913725	156.985835	488	26208	260.2380008720794	81951.69078555354	3200.313594707942	653950.9061695902	60	11868	116922263	4010613	1.830098359114763	1.6738385179558095	2.0048717834419927	0.8719211886151871	0.7431603519135032	1.0035099756791213
splice region variant	CpG transition	2552	18285	4710.869	26677.432	10106.859513	51403.414026	2547	18269	-3211.4039979147487	-2800.5270029276135	21060.70254317941	170175.84125041554	96	2494	6454395	1815018	2.016978909491814	1.9349548242509749	2.1031926115100212	1.0121959985117817	0.9522998838942822	1.0725809789074254
splice region variant	non-CpG transition	9248	279048	1310.551	39071.193	252.507221	7126.664349	9234	278750	1388.0400044966946	264192.65973678447	38431.46097971943	1862437.7504535017	934	54057	160782109	6484763	1.2172435608935592	1.1922644849198951	1.2429020593266127	0.2836178689031995	0.25370431026018675	0.3137126165104202
splice region variant	non-CpG transversion	4944	180501	331.093	9834.593	79.070553	979.393045	4933	180227	549.3819987042808	128720.77087310818	18497.67034685333	1038677.5008162722	418	28970	116922263	4010613	1.2524638956978291	1.217552607271147	1.2886393814135233	0.3247690159965773	0.28398410874255403	0.3658485899711843
start lost	CpG transition	2	2	4.374	2.719	10.011506	5.476865	2	2	0.6810000166296959	9.71799969673156	0.33539302068126264	49.80529689235689	0	2	6454395	1815018	0.28122575684601836	0.03767656349396111	2.099541500448626	-1.8301993611728609	-4.730188808059618	1.070074305391168
start lost	non-CpG transition	178	9675	41.945	2070.087	15.549079	620.970115	178	9665	89.05700060329414	33297.537984121955	1845.408633741057	227169.7626097698	37	5807	160782109	6484763	2.180286136654224	1.8805992433776564	2.5419881005343306	1.124517484012666	0.9111924425924238	1.3459572768651802
start lost	non-CpG transversion	68	4803	2.859	193.991	0.192879	10.001205	68	4797	14.815000873059027	16165.645987509752	504.55469563531847	109129.16534603752	9	2876	116922263	4010613	2.388240356222988	1.883513568308934	3.074692696026186	1.2559480389817368	0.9134264260973607	1.6204422257124602
stop gained	CpG transition	210	12463	374.46	23473.276	752.390686	47702.643806	210	12459	-192.5919987526721	45398.39390750719	2801.3907925334775	277739.49434972624	26	8615	6454395	1815018	16.641397086257236	14.528202805948881	19.16519526886951	4.056704651251382	3.8607843420213475	4.260416792321099
stop gained	non-CpG transition	287	37762	37.702	4895.835	5.439166	689.668473	287	37726	360.1999992006459	182908.66623779025	2904.660452011011	1386824.4796270523	72	25739	160782109	6484763	5.2898756898951556	4.7106240952544045	5.960338753768068	2.4032338199425136	2.2359182104711346	2.5753943280855816
stop gained	non-CpG transversion	276	36506	14.851	1832.49	1.463107	170.027636	275	36418	210.9079978659285	107614.42773488504	2368.5895247000044	838976.1195893704	52	18291	116922263	4010613	4.522174055101027	4.0173604731436265	5.108364910269043	2.1770165214124284	2.0062479185614017	2.3528615860100452
stop lost	non-CpG transition	109	3525	12.487	397.319	2.057245	70.918967	109	3522	-25.80399935413148	6222.616006356199	841.3187081107486	43891.326613594174	19	1332	160782109	6484763	1.2928535370534084	1.0692812123587652	1.5776071189455405	0.37055884642807946	0.09664132015133904	0.657737966998502
stop lost	non-CpG transversion	88	4092	4.911	152.438	2.4273089999999997	11.092714	88	4091	5.340000564232432	8036.697003416136	284.8368242556958	51390.03217093985	5	1519	116922263	4010613	1.5775112139814647	1.2787339189250053	1.9686928541325672	0.6576502608642074	0.3547160970708769	0.9772380465444341
stop retained variant	non-CpG transition	69	2278	7.605	240.748	1.010369	29.62539	69	2277	80.83799983363134	4221.474991008755	574.4135678186416	23844.160420791464	18	770	160782109	6484763	1.3131229627758847	1.0351564528467212	1.6904961687143147	0.393002018653365	0.04984883215757321	0.7574467465577487
synonymous variant	CpG transition	12493	102860	22656.725	154268.45	47171.365675	295392.307638	12485	102837	-47030.313000700786	-252892.8610488221	389998.0452611571	2380673.1171271065	261	7128	6454395	1815018	2.3365039838562303	2.2931579332064773	2.380548600457133	1.2243514970720586	1.1973357188992693	1.2512940827580434
synonymous variant	non-CpG transition	22691	653268	3094.133	88374.038	593.690051	15054.720322	22663	652794	-3396.1540041263193	585308.2396817706	267714.1231309093	5819472.092594927	4215	174201	160782109	6484763	1.1617751838844328	1.146441549338999	1.17730090031	0.2163309185920297	0.1971628018193652	0.2354830985451506
synonymous variant	non-CpG transversion	7101	261492	467.146	16526.153	55.74488	1809.843673	7096	261275	-5153.959000281526	-44336.387192270784	98373.16536254412	3233452.8689938565	927	46460	116922263	4010613	1.263561632060351	1.2340918459748098	1.293911443742401	0.3374960355524014	0.3034497695290344	0.3717388815919651
upstream gene variant	CpG transition	87812	390458	163720.942	605625.092	353104.18506	1174748.845614	87452	389544	-81401.80496609733	-233545.38387896775	255582.9507521159	1193184.82620086	521	11788	6454395	1815018	1.2664926280426128	1.257037336783447	1.2760506159812357	0.3408386794844309	0.3300275016218658	0.35168555635734444
upstream gene variant	non-CpG transition	290263	6735057	42133.987	960233.585	8335.342379	177429.352675	289328	6717506	-95519.6479470638	97922.0022412948	499527.9647489153	8764398.552857693	4025	161797	160782109	6484763	0.9330121878948724	0.9294865214231444	0.9366217985455279	-0.1000321678289295	-0.10549415025576048	-0.09446147977632142
upstream gene variant	non-CpG transversion	185673	5041315	13563.111	291340.746	4972.616875	30816.798074	184837	5024066	-58390.133947431714	-40028.66904350345	313980.8472663142	7358262.621608815	2659	130118	116922263	4010613	0.9282698506391731	0.9238231380292665	0.932644768338141	-0.1073838330836932	-0.11431141457826029	-0.10060041203642323
