chrom	id	strand	n_in_prom	K562_ref_prom	HepG2_ref_prom	SKNSH_ref_prom	avgKHS_ref_prom	K562_alt_prom	HepG2_alt_prom	SKNSH_alt_prom	avgKHS_alt_prom	K562_skew_prom	HepG2_skew_prom	SKNSH_skew_prom	avgKHS_skew_prom	K562_activity_prom	HepG2_activity_prom	SKNSH_activity_prom	avgKHS_activity_prom	K562_abs_skew_prom	HepG2_abs_skew_prom	SKNSH_abs_skew_prom	avgKHS_abs_skew_prom	K562_emVar_prom	HepG2_emVar_prom	SKNSH_emVar_prom	avgKHS_emVar_prom	anyKHS_emVar_prom	K562_emVar_pos_prom	HepG2_emVar_pos_prom	SKNSH_emVar_pos_prom	avgKHS_emVar_pos_prom	anyKHS_emVar_pos_prom	K562_emVar_neg_prom	HepG2_emVar_neg_prom	SKNSH_emVar_neg_prom	avgKHS_emVar_neg_prom	anyKHS_emVar_neg_prom	phyloP_mam241_prom	phyloP_mam241_pos_prom	phyloP_mam241_neg_prom	phyloP_mam241_cons_prom	flag_correlation_mam241_vs_K562_n_abs	correlation_mam241_vs_K562_rho_est_abs	correlation_mam241_vs_K562_rho_pval_abs	flag_correlation_mam241_vs_HepG2_n_abs	correlation_mam241_vs_HepG2_rho_est_abs	correlation_mam241_vs_HepG2_rho_pval_abs	flag_correlation_mam241_vs_SKNSH_n_abs	correlation_mam241_vs_SKNSH_rho_est_abs	correlation_mam241_vs_SKNSH_rho_pval_abs	flag_correlation_mam241_vs_avgKHS_n_abs	correlation_mam241_vs_avgKHS_rho_est_abs	correlation_mam241_vs_avgKHS_rho_pval_abs	flag_correlation_mam241_vs_K562_n_pos	correlation_mam241_vs_K562_rho_est_pos	correlation_mam241_vs_K562_rho_pval_pos	flag_correlation_mam241_vs_HepG2_n_pos	correlation_mam241_vs_HepG2_rho_est_pos	correlation_mam241_vs_HepG2_rho_pval_pos	flag_correlation_mam241_vs_SKNSH_n_pos	correlation_mam241_vs_SKNSH_rho_est_pos	correlation_mam241_vs_SKNSH_rho_pval_pos	flag_correlation_mam241_vs_avgKHS_n_pos	correlation_mam241_vs_avgKHS_rho_est_pos	correlation_mam241_vs_avgKHS_rho_pval_pos	flag_correlation_mam241_vs_K562_n_neg	correlation_mam241_vs_K562_rho_est_neg	correlation_mam241_vs_K562_rho_pval_neg	flag_correlation_mam241_vs_HepG2_n_neg	correlation_mam241_vs_HepG2_rho_est_neg	correlation_mam241_vs_HepG2_rho_pval_neg	flag_correlation_mam241_vs_SKNSH_n_neg	correlation_mam241_vs_SKNSH_rho_est_neg	correlation_mam241_vs_SKNSH_rho_pval_neg	flag_correlation_mam241_vs_avgKHS_n_neg	correlation_mam241_vs_avgKHS_rho_est_neg	correlation_mam241_vs_avgKHS_rho_pval_neg	K562_activity_mingap_prom_alt	HepG2_activity_mingap_prom_alt	SKNSH_activity_mingap_prom_alt	K562_abs_skew_mingap_prom_alt	HepG2_abs_skew_mingap_prom_alt	SKNSH_abs_skew_mingap_prom_alt	analysis_version	seqnames	start	end	width	ensembl_gene	ensembl_tx	gene_name	loeuf	moeuf	s_het	alphmis	TPM_K562	TPM_HepG2	TPM_SKNSH	logTPM_K562	logTPM_HepG2	logTPM_SKNSH	logTPM_max	tau_tissue	tau_celltype	median_nTPM_tissue	log_median_nTPM_tissue	median_nCPM_celltype	log_median_nCPM_celltype	eds	mean_n_enhancers_when_active	mean_abc_score_when_active	mean_frac_distal_count	mean_frac_distal_score	DNase_K562_1kb	DNase_K562_250bp	H3K4me3_K562_1kb	H3K4me3_K562_250bp	H3K27ac_K562_1kb	H3K27ac_K562_250bp	DNase_HepG2_1kb	DNase_HepG2_250bp	H3K4me3_HepG2_1kb	H3K4me3_HepG2_250bp	H3K27ac_HepG2_1kb	H3K27ac_HepG2_250bp	DNase_SKNSH_1kb	DNase_SKNSH_250bp	H3K4me3_SKNSH_1kb	H3K4me3_SKNSH_250bp	H3K27ac_SKNSH_1kb	H3K27ac_SKNSH_250bp	correlation_mam241_vs_avgKHS_rho_padj_abs	correlation_mam241_vs_avgKHS_rho_padj_pos	correlation_mam241_vs_avgKHS_rho_padj_neg	sig_pos_0.999_neg_0.001
chr13	ENSG00000184564.11_ENST00000647374.2_SLITRK6	-	250	1.42274059976	0.5029174304	0.70604220904	0.8772334130666667	1.371435869853333	0.50621674424	0.6881689971986666	0.8552738704306667	-0.05130472545282133	0.0032993167366933336	-0.017873211407853334	-0.02195954004132711	1.4861405403333334	0.5508354648533333	0.7578454904133334	0.9316071652	0.17810460332978134	0.09253675693565332	0.12147977224481334	0.13070704417008266	93	17	29	31	99	25	17	15	18	31	68	0	14	12	68	2.449823985548224	2.6020239856480623	-0.15220000009983778	0.396	250	0.7115560970679106	6.894450116714487e-40	250	0.698998406546186	5.552128140470975e-38	250	0.6085287829157716	1.0210450161788124e-26	250	0.7169839816489155	9.609930126358422e-41	111	0.5971995106041658	4.568710946605706e-12	128	0.6346431644081381	8.715669529259269e-16	116	0.5593474851018458	6.733080817475928e-11	117	0.5703539337713255	1.9091726195659483e-11	139	-0.6489098962163424	5.695996955544992e-18	122	-0.6555023957918125	2.5540335913526616e-16	134	-0.5201459811547176	1.1857545258686294e-10	133	-0.6500391661702704	2.5370450998459102e-17	0.72829504992	-0.93530507548	-0.72829504992	0.056624831084968005	-0.08556784639412801	-0.056624831084968005	promoter_250bp	chr13	85799420	85800419	1000	ENSG00000184564	ENST00000647374	SLITRK6	0.812	0.994	0.00362369	NA	0	0	10.6	0	0	3.5360529002402097	3.5360529002402097	0.938473282442748	0.935354533970451	0.8	0.84799690655495	0.2	0.2630344058337938	0.559322217	6.088888888888889	0.17496373333333334	0.8259949527596586	0.3845729433557516	0.00855566333591938	0.020200086273252964	0.06378612178564072	0.2551444871425629	0.020381200313568115	0.08152480125427246	0.0343871363568306	0.07354571717977523	0	0	0.2215023446083069	0	0.02271951464116573	0.10196698889136314	2.2775012575984	7.057572039604187	1.6398424357414243	1.407669525384903	3.32599681673265e-36	6.390382592211142e-7	8.714109250016195e-15	both
chr7	ENSG00000105967.16_ENST00000265440.12_TFEC	-	200	2.4420685795	0.7233703068	1.3223013085	1.4959133982666666	2.3123887099	0.6996175511166667	1.262879707333333	1.42496198945	-0.129679863038025	-0.023752756047383333	-0.05942159864491667	-0.07095140591010833	2.5125917073333333	0.76746073565	1.38184709595	1.5539665129777778	0.27072613078484165	0.11193361172815	0.17851317893931667	0.1870576404841028	94	32	69	64	110	17	10	15	13	21	77	22	54	50	89	2.8563499984436205	2.935174998695729	-0.07882500025210902	0.45	200	0.6691725626708525	2.4720420216623212e-27	200	0.6229580107018098	6.890390213019456e-23	200	0.6726206475698476	1.0693602540512484e-27	200	0.7057518540933452	1.8389699506492704e-31	96	0.4751552010500657	9.996845772510455e-7	95	0.3444755977393896	6.300470538339306e-4	97	0.5156985710177031	6.457286291763667e-8	94	0.5110453648960078	1.416773511207028e-7	104	-0.6603618534663559	2.4195144890983472e-14	105	-0.6864471143001585	6.345062992698313e-16	103	-0.7045387296618968	1.0070368570884215e-16	106	-0.7059956680626194	2.862807050338757e-17	1.1307446113833333	-1.7451309716833334	-1.1307446113833333	0.09221295184552496	-0.15879251905669164	-0.09221295184552496	promoter_250bp	chr7	116030764	116031763	1000	ENSG00000105967	ENST00000265440	TFEC	0.906	1.05	0.00405618	0.303480198	0	0	0	0	0	0	0	0.8386407766990291	0.944934502866016	1.3	1.2016338611696504	0.5	0.5849625007211562	0.729924148	4.53030303030303	0.19987160606060608	0.8605339105339105	0.7112818849896917	0.017943075749874113	0.04299452465027571	0.06101004008948803	0	0.20013792234659197	0.8005516893863678	0.013743319838047028	0.027319138512015343	0.15345305255055428	0.036616000175476074	0.220597664475441	0	0.011290871810913088	0.015444280292838812	0.04125399887561798	0.16501599550247192	0.4644703717947007	0.39333919847011567	4.546196427997947e-28	1.7563793691526534e-4	9.543812837227362e-15	both
chr17	ENSG00000184451.5_ENST00000332438.4_CCR10	-	250	1.33451482212	1.168289677436	1.23250801872	1.2451041727586667	1.29554586724	1.1301903737986667	1.1983084618666666	1.2080149009684444	-0.038968960286784	-0.038099307932466665	-0.03419956415044	-0.037089277456563555	1.4010396411466666	1.219653336716	1.2919919735466667	1.3042283171364444	0.17201859437346934	0.14082662572006666	0.15316746560537334	0.15533756189963643	98	64	69	78	102	33	15	20	25	34	65	49	49	53	68	1.1090400054305791	1.33871600612998	-0.2296760006994009	0.196	241	0.6539567352651227	6.848512210199131e-32	241	0.6387363246401229	4.6324203850761386e-30	241	0.6507872114789119	1.680262469443521e-31	241	0.6645803436122955	3.121227376254134e-33	117	0.6266012142590655	9.043209656630592e-15	131	0.5093631686426848	1.7719186506999682e-10	117	0.5314492162600278	2.541666622691448e-10	124	0.5360483744096335	4.9490307401276816e-11	124	-0.5984990601813809	1.0766125693416113e-13	110	-0.681087697522342	1.41928801508476e-16	124	-0.61440948270969	1.5575490623027726e-14	117	-0.6716198425620444	4.6238821692499103e-17	0.10904766759999984	-0.1813863044306665	-0.10904766759999984	0.018851128768096	-0.03119196865340268	-0.018851128768096	promoter_250bp	chr17	42681844	42682843	1000	ENSG00000184451	ENST00000332438	CCR10	1.648	1.044	0.00833485	0.381247204	4.4	0.8	2.1	2.4329594072761065	0.84799690655495	1.632268215499513	2.4329594072761065	0.8585714285714287	0.967909417288042	2.6	1.84799690655495	1.05	1.0356239097307212	0.597174466	3.1176470588235294	0.1497782823529412	0.965686274509804	0.9301566905906912	0.10030740895271302	0.0415586249679327	0.8260534615814685	0	1.0352469002008438	0.6308027248382568	0.2884607250165939	0.046673291489481926	17.05910690510273	2.9674372000694276	3.1047608917355536	0.5773604004383087	1.3011314164352417	0.10643594026565552	21.32528957374394	0.21843175846338272	5.4384398239135745	1.3191956031322478	1.0802567949215558e-29	8.282697846677687e-7	1.469443825076392e-14	both
chr17	ENSG00000007312.14_ENST00000006750.8_CD79B	-	245	0.9793496874514286	1.0863172049959184	0.9390111348865308	1.001559342444626	0.931360300245796	1.0401125818054422	0.9018554123423128	0.9577760981311836	-0.04798938767158272	-0.046204624235619045	-0.03715571659078912	-0.043783242832663626	1.046668845103483	1.13608898185034	0.994544728664762	1.0591008518728615	0.1826277010125079	0.14574817490737416	0.14822290376330613	0.15886625989439607	82	59	53	62	96	24	16	17	19	27	58	43	36	43	69	1.9760326660238203	2.2186326661603335	-0.2426000001365129	0.3224489795918367	244	0.6337396832696893	6.402696373029676e-29	244	0.6251887923700412	5.662388489834519e-28	244	0.5964787949337234	5.333697942339635e-25	244	0.6408157582029894	1.0006117251535401e-29	118	0.486965089852423	2.249609073783921e-8	112	0.4771014463248777	9.160807411530794e-8	119	0.4866314898561982	1.7467066405380553e-8	123	0.5281169769975428	2.910420404357714e-10	126	-0.6586430102899642	3.88792866027914e-17	132	-0.6176991938083516	3.0399699221481858e-15	125	-0.619793571655427	1.2924665774947667e-14	121	-0.6414435893121085	2.2553718009869986e-15	-0.08942013674685723	0.08942013674685723	-0.14154425318557817	0.03440479724920176	-0.03687952610513373	-0.03440479724920176	promoter_250bp	chr17	63932332	63933331	1000	ENSG00000007312	ENST00000006750	CD79B	0.421	0.785	0.3297396	0.425487712	0.4	0.2	0	0.48542682717024166	0.2630344058337938	0	0.48542682717024166	0.9439030303030304	0.9951156089676012	3.1	2.035623909730721	0	0	0.660843643	4	0.12053535087719298	0.9916457811194652	0.98257399552348	0.04031716237783432	0.026351496241986752	0.7094010186344385	0.026628799676895146	0.7415669453144074	0.26903184413909914	0.09797017514705658	0.05195846198499203	0.2572198458313942	0	0.15009454011917114	0	0.22461033992767335	0.2593942790031433	0.2775144308656454	0.4662950411438942	0.07994550836086273	0.2484910823702812	1.6491034194078105e-26	2.435439794366535e-6	3.687099169267399e-13	both
chr17	ENSG00000011028.14_ENST00000303375.10_MRC2	+	250	2.6658549952	1.914138538	2.5068419384	2.3622784905333334	2.6221766918666667	1.8991926185333337	2.4845104362666666	2.3352932488888887	-0.043678300149562664	-0.014945921176516	-0.02233150817665333	-0.026985243167577333	2.7606831953333333	1.9786395908	2.5778488917333333	2.4390572259555556	0.233334695554896	0.14394801565112933	0.16434540815014667	0.18054270645205733	104	35	46	59	113	39	15	15	19	44	65	20	31	40	69	1.8643760031606071	2.041180003463756	-0.17680400030314922	0.376	250	0.6339232952059248	1.6724652865028354e-29	250	0.6156457863961462	1.7938709029973886e-27	250	0.5930837983580366	3.8390347950861887e-25	250	0.6451009533496233	8.186919260531348e-31	118	0.41144537307512585	3.682177626835533e-6	123	0.46435775064551976	6.300236311710236e-8	112	0.5256620781414797	2.6604844879278433e-9	118	0.4817505153487037	3.332171408366869e-8	132	-0.6712102395789006	1.2884224794493345e-18	127	-0.6475903071650468	1.9066421241367407e-16	138	-0.5389937656302785	9.111305275792818e-12	132	-0.6765378328135944	5.437767448624975e-19	0.18283430359999997	-0.7820436045333332	-0.18283430359999997	0.06898928740474933	-0.08938667990376667	-0.06898928740474933	promoter_250bp	chr17	62626670	62627669	1000	ENSG00000011028	ENST00000303375	MRC2	0.514	0.895	0.0438052	0.443298405	8.7	0	153.8	3.277984747299765	0	7.274261661257048	7.274261661257048	0.7548344370860928	0.9250438386736808	10.3	3.4982508675278257	3.85	2.277984747299765	0.478594165	3.315315315315315	0.1140795045045045	0.8631274131274131	0.689091135755935	0.2625823135185242	0.43289864182472226	1.942529539257288	4.85328844165802	0.3969644013643265	0.19133128404617308	0.1515952156829834	0.1299706886410713	5.82202508854866	12.259123979568482	0.16871369737386704	0	2.130399626712799	4.5658684778213505	52.7637837562561	50.742403366088865	18.596209311676027	19.36347981262207	1.666760444747e-27	6.97090258630349e-5	3.773588659653952e-16	both
chr1	ENSG00000142875.21_ENST00000370685.7_PRKACB	+	250	0.93744580452	0.96485431784	0.88146175892	0.9279206270933332	0.89970267984	0.920478458876	0.8354750894418667	0.8852187427192889	-0.037743132693346663	-0.044375853911388534	-0.045986664614784	-0.042701883739839734	0.9673528295733334	0.9916947967866668	0.9119754760666666	0.9570077008088888	0.09755717670182666	0.09805681353622211	0.10701410103948268	0.10087603042584382	50	49	50	47	60	9	6	6	6	12	41	43	44	41	48	2.0807199849765747	2.246571985354647	-0.16585200037807227	0.376	250	0.664260176548687	3.4320301353971444e-33	250	0.6754250968763873	1.1673645929983074e-34	250	0.6332558827331873	1.9947834596244233e-29	250	0.6832462809295666	9.989435214186404e-36	99	0.3925099934873969	5.861256112138126e-5	112	0.5793935162525147	2.1880833665162315e-11	105	0.4417247261424374	2.392112957085258e-6	107	0.5123195294704965	1.6920509379356942e-8	151	-0.6662435413814919	1.005727693912128e-20	138	-0.6336780654117357	7.343974442063241e-17	145	-0.6262882861255311	3.6242007308923264e-17	143	-0.6439994141630757	4.091012223963603e-18	-0.02434196721333337	0.02434196721333337	-0.0797193207200001	-0.009456924337656006	-0.008957287503260539	0.008957287503260539	promoter_250bp	chr1	84143271	84144270	1000	ENSG00000142875	ENST00000370685	PRKACB	0.513	0.749	0.0724048	0.72124304400000006	4.7	2.7	28.4	2.5109619192773796	1.8875252707415875	4.877744249949002	4.877744249949002	0.8102070509233351	0.7960067791949573	24.5	4.672425341971495	64.35	6.030115330908071	0.55268607	7.256410256410256	0.2186572051282051	0.9792429792429792	0.947506752758246	0.025166480016708372	0.03198075205087662	0.1169090701341629	0.08967308127880097	0.018316479802131653	0.061236798763275146	0.019651923733949667	0.04466347992420197	0.19871440422534944	0.3364063992500305	0.20934744846820832	0.8373897938728333	0.016679976719617844	0.026530045792460443	0.16001366910338402	0	1.890072120666504	3.282858222961426	8.643358819074786e-32	5.148757181325778e-5	1.8798754008602482e-15	both
chr1	ENSG00000162552.15_ENST00000290167.11_WNT4	-	250	4.2741053064	3.0027231832	3.1997795916	3.4922026937333333	4.1975219936	2.974632116533334	3.1802889004	3.4508143368444446	-0.076583287324952	-0.028091067014066665	-0.01949068349684	-0.041388345945286224	4.335598586666666	3.0533248292	3.253382124533333	3.5474351801333333	0.199569849642632	0.12929436050233334	0.12669575709036	0.1518533224117751	81	30	22	50	87	16	8	14	12	22	65	22	8	38	65	2.9556919924914835	3.0008839924931525	-0.04519200000166893	0.58	250	0.622694257905768	3.066439129821248e-28	250	0.5889812435780709	9.7394476401979e-25	250	0.5057240212506853	1.2248738797679464e-17	250	0.6195374676493244	6.801770296719085e-28	112	0.5379896936447199	9.52153933634803e-10	114	0.4316512227026161	1.6264676150542118e-6	110	0.32704779668013606	4.878570746118166e-4	111	0.44654626400485264	8.992827903277632e-7	138	-0.6335692348386831	7.461191017808446e-17	136	-0.6747171442763931	2.13939338783078e-19	140	-0.5610260091322482	5.614277680335682e-13	139	-0.6767443854476349	6.006555808066639e-20	1.0822164621333332	-1.2822737574666665	-1.0822164621333332	0.07027548914029866	-0.07027548914029866	-0.07287409255227201	promoter_250bp	chr1	22143098	22144097	1000	ENSG00000162552	ENST00000290167	WNT4	0.695	0.821	0.05464701	0.620082989	0	0	0	0	0	0	0	0.9293506493506491	0.974162308396448	1.5	1.3219280948873624	1.5	1.3219280948873624	0.641044024	2.3793103448275863	0.05736748275862069	1	1	0.1721360200595856	0.3496508212685585	1.828642551124096	3.285365356206894	0.6403700203895569	0	0.07091070039272308	0.03431641082465649	1.401719099342823	2.1697913098335264	0	0	1.9501216459941864	2.3223734254837036	12.193033179223535	16.45663983607292	0.15691326947212217	0	6.725979141984215e-25	5.902116383892332e-4	7.294532989196356e-17	both
chr4	ENSG00000249242.8_ENST00000449862.7_TMEM150C	-	168	2.5764799178571427	2.033224851785714	2.132847919047619	2.247517562896826	2.4977554448412698	1.9826410337301588	2.078467941369047	2.186288139980159	-0.07872448788188492	-0.05058380411968254	-0.054379993251559525	-0.061229428417708995	2.660844499801587	2.0923962892857144	2.2016353047619046	2.3182920312830686	0.2474536436732738	0.1689266941157143	0.19195475260141667	0.20277836346346825	91	44	60	67	99	29	12	20	22	31	62	32	40	45	68	1.517833338595838	1.7849761968079425	-0.26714285821210415	0.2857142857142857	168	0.599948695563945	8.414730068901866e-18	168	0.6182184072848929	4.332437094267345e-19	168	0.639091514640846	1.1429460183480252e-20	168	0.639157875706052	1.1293087703392424e-20	76	0.35828181500038225	0.001483615163257208	75	0.4666299707701513	2.4448863557784543e-5	78	0.4704529006100635	1.3845454282384576e-5	75	0.4688469170914435	2.2096598292289033e-5	92	-0.5847419624690621	9.34185016590052e-10	93	-0.6173439872601009	4.382403726678888e-11	90	-0.6419353230051009	9.211026570366033e-12	93	-0.6323535475873231	1.0559517649445857e-11	0.4592091950396826	-0.5684482105158728	-0.4592091950396826	0.055498891071857126	-0.07852694955755951	-0.055498891071857126	promoter_250bp	chr4	82561989	82562988	1000	ENSG00000249242	ENST00000449862	TMEM150C	0.631	0.922	0.01471595	0.548013377	0.2	0.3	1.2	0.2630344058337938	0.37851162325372983	1.1375035237499351	1.1375035237499351	0.9258084772370486	0.9302228740064816	7.2	3.035623909730721	9.05	3.3291235962915664	0.557043519	3.3	0.07838425	0.945	0.8797183132530789	0.036063186054229736	0.044707778811454775	1.2877248493432998	0.845601592540741	0.8662010018825531	0	0.09444083379268646	0.053149488985538486	9.40952484062314	23.896594104766844	0.9147667373120784	0	0.5421148671388627	1.4014480104446412	17.434634361237286	33.41129772758484	0.4497663644313813	0.5315272401571274	2.20821336392323e-18	0.004681122392655054	4.1946943709317394e-10	both
chr10	ENSG00000148584.16_ENST00000373997.8_A1CF	-	202	0.47303194905940593	2.1909704478712873	0.23582598707920793	0.9666094613366336	0.47649466836633664	2.0748165245379537	0.24044201472937293	0.9305844025445544	0.0034627213479356436	-0.11615393521653464	0.004616025073984324	-0.03602506293153823	0.49665253834983497	2.229686707739274	0.25564609004950495	0.9939951120462046	0.04377845940525248	0.19358646003920793	0.03502417704436716	0.09079636549627586	1	45	2	30	48	1	6	2	2	9	0	39	0	25	39	2.8916336661389117	2.9718019822612405	-0.08016831612232889	0.4603960396039604	202	0.5785865142021996	1.9143550103196994e-19	202	0.7339788164522102	1.9027317727140207e-35	202	0.4361995052593121	8.639801150769044e-11	202	0.7333134293527759	2.3528180161110908e-35	87	0.5306420898077736	1.2453025028389026e-7	86	0.4531050903522816	1.1830059892039143e-5	103	0.2762992281418069	0.004726224305148216	73	0.4621067937903464	3.861833119801244e-5	115	-0.4518261624405924	4.007440543321364e-7	116	-0.77467670687624	1.952983566546837e-24	99	-0.27290139138340463	0.006277384328618395	129	-0.6380716801133715	4.189987140844576e-16	-1.7330341693894389	1.7330341693894389	-1.974040617689769	-0.14980800063395544	0.14980800063395544	-0.15856228299484076	promoter_250bp	chr10	50885628	50886627	1000	ENSG00000148584	ENST00000373997	A1CF	0.825	0.935	0.01649992	0.524166933	0	40.8	0	0	5.38543103719352	0	5.38543103719352	0.9876729559748428	0.985692137533215	0	0	0.2	0.2630344058337938	0.849461889	5.571428571428571	0.2003825	0.9130102040816328	0.7623597042640539	0.019664084154367448	0.03313925568759441	0.05634089985489845	0.07476680123806	0.1264349889755249	0	0.4434727108097076	1.507539886534214	2.8088361876010897	9.258526817321778	11.869494124293327	15.70365083694458	0.016724389833211898	0.024019153293222188	0.17971804350614548	0.3854833877086639	0.5625130857467651	0.44008156180381774	1.3571838589600808e-31	0.006839326888147472	9.69226685287612e-14	both
chr6	ENSG00000237441.10_ENST00000497454.6_RGL2	-	250	1.56645007956	1.4905743852	1.74316225252	1.6000622390933332	1.5431254091333333	1.4705704403866666	1.71883679664	1.5775108820533332	-0.023324681192138663	-0.020003942441440003	-0.024325446165453332	-0.022551356599677337	1.6318231191333334	1.5447804445066666	1.80071598728	1.6591065169733334	0.15407075051954133	0.12841606069418668	0.13943292426470666	0.14063991182614488	65	35	45	47	76	24	15	16	17	28	41	20	29	30	48	2.409087987824343	2.570851988031529	-0.16176400020718573	0.448	250	0.6230130354308951	2.827982503499712e-28	250	0.6217435275014586	3.9016619580415018e-28	250	0.6218342890498824	3.813098341487119e-28	250	0.6469936979392323	4.850885667065361e-31	115	0.4822588162835825	4.831145845340793e-8	110	0.34301054876198334	2.4409970022240825e-4	109	0.4956138024223967	4.268486727542627e-8	118	0.4827952721038049	3.08155935962054e-8	135	-0.6342243688821997	1.4835636255501807e-16	140	-0.6461594668334452	6.621129083988189e-18	141	-0.5592179855533982	5.703308232367214e-13	132	-0.6046453834261949	1.6250976804205863e-14	-0.1688928681466666	-0.2559355427733334	0.1688928681466666	0.014637826254834674	-0.025654689825354658	-0.014637826254834674	promoter_250bp	chr6	33298943	33299942	1000	ENSG00000237441	ENST00000497454	RGL2	0.634	0.894	0.03911151	0.354335167	4.6	4.8	8.2	2.4854268271702415	2.5360529002402097	3.2016338611696504	3.2016338611696504	0.7526999999999999	0.9428482230077444	9.2	3.350497247084133	0.4	0.48542682717024166	0.479163847	1.3615384615384616	0.06114080769230769	0.4885897435897435	0.2774661625904842	4.866429187622071	2.819429828643799	69.83797822761535	54.9277402420044	30.79614381980896	29.947063444137573	1.2295717620849609	0.42847139143943785	30.35427620315552	52.80487023925781	23.91873057627678	14.275230889320374	1.969002055053711	1.286801637172699	71.46605235671997	59.27875845336914	40.0771350982666	28.300520626068113	1.0493072058570758e-27	6.876396992347914e-5	1.905511087069711e-12	both
chr10	ENSG00000107854.7_ENST00000371627.5_TNKS2	+	250	3.8319518444	3.649107434	4.9628881888	4.147982489066667	3.755018453866666	3.5887552036	4.8720428908	4.071938849422223	-0.07693340268793333	-0.060352201162050666	-0.0908452925119752	-0.07604363212065307	3.8954318433333337	3.695557409466667	5.029105623466667	4.2066982920888885	0.2038933829674	0.153252174706664	0.22328015370295817	0.19347523712567405	90	51	97	71	121	15	6	20	10	24	75	45	77	61	97	1.1629240016308613	1.690168001398444	-0.5272439997675828	0.276	250	0.6016055474671875	5.317294825937381e-26	250	0.6259342198802761	1.3409398230392243e-28	250	0.6101837420775196	6.841043749013879e-27	250	0.6268996967313814	1.0460351960004491e-28	112	0.2745182247352042	0.0033991479939488468	122	0.2392091218203664	0.007964003658033491	109	0.3945465383306011	2.1835841869765456e-5	116	0.285040548584147	0.0019264913728221555	138	-0.7334843489134268	1.4521744225211788e-24	128	-0.7672861826959813	4.505331329611738e-26	141	-0.64635873113224	4.8815781008336225e-18	134	-0.7549565173912285	5.917309633152231e-26	-1.133673780133334	-1.3335482140000003	1.133673780133334	-0.01938677073555814	-0.07002797899629415	0.01938677073555814	promoter_250bp	chr10	91797426	91798425	1000	ENSG00000107854	ENST00000371627	TNKS2	0.713	0.805	0.053682970000000003	0.620530368	12.5	15.6	20.6	3.7548875021634687	4.053111336459563	4.4329594072761065	4.4329594072761065	0.6221923076923077	0.8324557996346007	18.7	4.300123724569014	86.35	6.448735798029397	0.524303525	2.862595419847328	0.10362819847328245	0.6766539440203563	0.2901798556208241	0.8270842125415802	3.108008085489273	5.3209231660068035	17.25758185005188	11.978297515571118	16.722212936401366	0.541544078707695	1.8978237491846084	8.210762354135513	7.264759648323059	14.604285259842872	15.6934174118042	1.590020192861557	6.809689358472824	18.098576761215924	30.089896034240724	7.639040547847748	9.342138339996335	1.2067759377858516e-25	0.0787344557156327	2.0121219676570847e-21	neg
chr7	ENSG00000106635.8_ENST00000223368.7_BCL7B	-	250	3.38685861068	2.80715261564	2.80414491652	2.999385380946667	3.3086974759066665	2.7507155041866667	2.724036202106667	2.927816394066667	-0.07816112787281333	-0.05643710703342667	-0.08010874197566933	-0.07156899229396978	3.42388493352	2.845145662533333	2.8571207239866667	3.0420504400133335	0.15221379821926667	0.13242321696142667	0.18606034572660263	0.156899120302432	59	53	66	59	68	1	1	3	1	3	58	52	63	58	65	1.5566479960549622	1.9154199973698705	-0.3587720013149083	0.316	249	0.507812330649198	8.570050826553775e-18	249	0.5460730197980905	7.830910458891429e-21	249	0.633064783701808	2.09785993654596e-29	249	0.59931311861049	9.102601255875989e-26	125	0.12708416031881647	0.1561744975425255	129	0.3138965583920932	2.760800106015245e-4	134	0.40867128472867725	8.61978392622484e-7	135	0.23423348447202863	0.006056875110359944	124	-0.6720272707448545	1.2890647440297685e-17	120	-0.6149420415932921	7.902799130660251e-14	115	-0.731635242234979	1.5947870233950163e-20	114	-0.747966720706059	1.1561852789346321e-21	0.5667642095333334	-0.578739270986667	-0.5667642095333334	-0.03384654750733598	-0.053637128765175984	0.03384654750733598	promoter_250bp	chr7	73557691	73558690	1000	ENSG00000106635	ENST00000223368	BCL7B	0.868	0.998	0.03080525	0.477244345	31.5	19.8	60.3	5.022367813028454	4.37851162325373	5.937815168803419	5.937815168803419	0.6700413223140496	0.8013406620509839	28.5	4.882643049361842	25.8	4.74416109557041	0.299943773	2.6106870229007635	0.07166006870229008	0.6046892039258451	0.18418140627564503	1.156613894081116	3.191384801864624	7.186954224735499	19.781501934051512	13.381431118011475	21.86109205245972	0.26720845711231234	0.5783917951583862	10.299852730423211	29.25053842496872	8.880176230430603	18.690835797309877	2.901308020606637	11.434443187713622	11.835682713538407	30.22714845275879	5.119269822120667	7.589125855922699	6.429408764609551e-23	0.15231834988277088	2.808208873206659e-18	neg
chr1	ENSG00000143437.21_ENST00000358595.10_ARNT	-	141	6.096058476595744	4.956514282269503	6.0592369	5.703936552955082	5.9607513503546095	4.832858820803782	5.896741108037825	5.563450426398739	-0.13530706885945626	-0.12365541543049643	-0.1624957846671395	-0.14048608965236406	6.141720341371158	4.986190428841607	6.096756102364067	5.741555624192277	0.2266308230287234	0.18300774827021277	0.23753419526288416	0.2157242555206068	48	35	48	46	65	2	1	1	1	2	46	34	47	45	63	0.5932482184003378	1.4672624053506194	-0.8740141869502815	0.2198581560283688	141	0.5971468889594592	5.474476439572447e-15	141	0.5832589763711995	3.217894670753514e-14	141	0.6158575492909042	4.3802148204273056e-16	141	0.62023337573562	2.367875424649002e-16	51	0.23719049982292412	0.09375862048231924	48	NA	NA	56	0.24743382606882555	0.06597890004676298	54	0.2283334816737095	0.09678198342145168	90	-0.7501070535515136	1.7607017898613926e-17	93	-0.7162005486726195	7.026419358148282e-16	85	-0.7138358083280484	1.7456713236821153e-14	87	-0.735390137223342	5.016803287130119e-16	0.04496423900709168	-1.155529912529551	-0.04496423900709168	-0.010903372234160769	-0.05452644699267139	0.010903372234160769	promoter_250bp	chr1	150876600	150877599	1000	ENSG00000143437	ENST00000358595	ARNT	0.388	0.787	0.13035572	0.466813404	29.6	12.9	14.6	4.9354597478052895	3.797012977836145	3.963474123974886	4.9354597478052895	0.5221446384039901	0.6853384875338853	18.8	4.307428525192248	45.55	5.540709262671431	0.450778884	2.230769230769231	0.058396776923076925	0.6630769230769231	0.2813721422144584	3.1070889037322997	9.289109994888303	13.168903923034668	15.819943308353425	5.785757584452629	1.7971505885124206	1.8278149914073945	4.3376403903961185	15.585667787790298	10.551297743320465	4.59016132569313	1.824497623920441	1.6815474662685392	6.0782218933105465	13.480740694522858	10.061289611816406	6.611559120559693	3.5756573123931883	1.739961113526581e-14	0.5543269248943927	1.1223117037866617e-13	neg
chr5	ENSG00000085231.14_ENST00000380822.9_AK6	-	110	2.186877033636364	2.902512239090909	2.75295514	2.614114804242424	2.075870200909091	2.784108362121212	2.648811940909091	2.502930167979798	-0.11100684578242424	-0.1184039030209091	-0.10414319813815152	-0.11118464898049496	2.295110554242424	2.985035999090909	2.849803673030303	2.709983408787879	0.3274738766752727	0.28345141191424245	0.2978402637800303	0.3029218507898485	78	55	61	64	81	22	7	11	12	25	56	48	50	52	56	0.18431818969547747	0.8867636427283287	-0.7024454530328512	0.13636363636363635	110	0.4856387938771007	7.546204664334942e-8	110	0.45325175126997413	6.617196366889873e-7	110	0.4338834035936781	2.187161576302064e-6	110	0.4650167234740348	3.085459393375678e-7	59	-0.03849196877328818	0.7722418822712668	55	-0.0733846457907636	0.5944119713801477	57	-0.004000657304840272	0.9764377150794884	57	-0.0680573103935705	0.6149489473599085	51	-0.7668383120864777	5.346434163669285e-11	55	-0.7009724077885078	2.5353918421504593e-9	53	-0.655785580014436	9.834117118164397e-8	53	-0.7335756161663339	4.158913229693563e-10	-0.6899254448484848	0.13523232606060587	-0.13523232606060587	0.02963361289524241	-0.04402246476103028	-0.02963361289524241	promoter_250bp	chr5	69369521	69370520	1000	ENSG00000085231	ENST00000380822	AK6	1.378	1.038	0.00171407	NA	33.4	24	17.7	5.104336659814735	4.643856189774724	4.224966365000275	5.104336659814735	0.6259869281045751	0.9871122400162452	29.5	4.930737337562887	2	1.584962500721156	0.382664935	1.366412213740458	0.033714274809160304	0.4429298436932025	0.07325241140406881	2.666803731536865	5.197525558471679	67.44700002670288	36.96536909484863	29.47701150894165	76.37484596252442	0.7065385913848877	1.6778556251525878	76.04151809310913	38.90736677551269	40.53496379756928	84.27116166687011	1.6556558387756348	3.190395221710205	73.4576367034912	55.28944425964355	14.360789604187012	41.25088632965088	2.447015343829794e-6	0.9204193903121718	9.625705127134869e-9	neg
chr5	ENSG00000273841.6_ENST00000217893.10_TAF9	-	110	2.186877033636364	2.902512239090909	2.75295514	2.614114804242424	2.075870200909091	2.784108362121212	2.648811940909091	2.502930167979798	-0.11100684578242424	-0.1184039030209091	-0.10414319813815152	-0.11118464898049496	2.295110554242424	2.985035999090909	2.849803673030303	2.709983408787879	0.3274738766752727	0.28345141191424245	0.2978402637800303	0.3029218507898485	78	55	61	64	81	22	7	11	12	25	56	48	50	52	56	0.18431818969547747	0.8867636427283287	-0.7024454530328512	0.13636363636363635	110	0.4856387938771007	7.546204664334942e-8	110	0.45325175126997413	6.617196366889873e-7	110	0.4338834035936781	2.187161576302064e-6	110	0.4650167234740348	3.085459393375678e-7	59	-0.03849196877328818	0.7722418822712668	55	-0.0733846457907636	0.5944119713801477	57	-0.004000657304840272	0.9764377150794884	57	-0.0680573103935705	0.6149489473599085	51	-0.7668383120864777	5.346434163669285e-11	55	-0.7009724077885078	2.5353918421504593e-9	53	-0.655785580014436	9.834117118164397e-8	53	-0.7335756161663339	4.158913229693563e-10	-0.6899254448484848	0.13523232606060587	-0.13523232606060587	0.02963361289524241	-0.04402246476103028	-0.02963361289524241	promoter_250bp	chr5	69369521	69370520	1000	ENSG00000273841	ENST00000217893	TAF9	1.001	0.954	NA	NA	99.6	83.2	72.9	6.652486494918165	6.3957483281790335	6.207502459258789	6.652486494918165	0.7145908028059236	0.924253034547152	36.1	5.213347281733441	0.2	0.2630344058337938	0.256689721	1.366412213740458	0.033714274809160304	0.4429298436932025	0.07325241140406881	2.666803731536865	5.197525558471679	67.44700002670288	36.96536909484863	29.47701150894165	76.37484596252442	0.7065385913848877	1.6778556251525878	76.04151809310913	38.90736677551269	40.53496379756928	84.27116166687011	1.6556558387756348	3.190395221710205	73.4576367034912	55.28944425964355	14.360789604187012	41.25088632965088	2.447015343829794e-6	0.9204193903121718	9.625705127134869e-9	neg
chr1	ENSG00000143127.13_ENST00000369304.8_ITGA10	-	210	1.9736560452380951	1.120097831047619	1.2237920402857143	1.4391819721904762	1.8780853074920636	1.077913446857143	1.1776561266666667	1.3778849603386245	-0.09557074037539048	-0.04218439242355079	-0.04613590886920635	-0.061297013889382544	2.030344981746032	1.1578355671111111	1.2700432289047618	1.4860745925873016	0.2089486143233397	0.11765984980282064	0.13863829177396825	0.15508225196670952	60	33	35	40	64	11	3	9	6	13	49	30	26	33	51	2.6082428510882893	2.762214280221434	-0.15397142913314468	0.4238095238095238	209	0.575632758645998	6.289776491507485e-20	209	0.4221061932648353	1.7580156332219368e-10	209	0.6506054756756253	1.1643135739148683e-26	209	0.6131755720285618	4.4850661022343923e-23	97	0.1414629896830942	0.1669260184476038	99	0.09054007471099382	0.3703278513503506	89	0.2817200241417186	0.007482449616943649	90	0.16774855759607712	0.11402032959193588	112	-0.6848418108857163	6.037119665719511e-17	110	-0.6029990147142977	3.15056301200033e-12	120	-0.7405402015473282	2.809756714073844e-22	119	-0.7183600128696689	2.5651061612521703e-20	0.7603017528412701	-0.8725094146349208	-0.7603017528412701	0.07031032254937145	-0.09128876452051904	-0.07031032254937145	promoter_250bp	chr1	145910051	145911050	1000	ENSG00000143127	ENST00000369304	ITGA10	0.834	0.918	0.00247356	0.370661777	0.1	2.5	0.5	0.13750352374993502	1.807354922057604	0.5849625007211562	1.807354922057604	0.9681754385964912	0.9863018531749184	2.8	1.925999418556223	2.3	1.722466024471091	0.797518231	5.865168539325842	0.2053286966292135	0.8202591727872627	0.5649681622820277	0.25863016486167906	0.8840397942066193	0.38127965143322945	0.9847018352150916	0.6933395040035247	1.6244939301013948	0.19717051935195923	0.5940238362550736	0.22019478124380112	0.13850400066375732	1.1558375158309937	2.509259363651275	0.2525189716815949	0.9047057980298996	0.26831849324703216	0.7375045729279518	1.015037079811096	1.4988016357421876	1.5679609878619426e-20	0.5838490269194119	3.7923421698790786e-17	neg
chr19	ENSG00000142065.14_ENST00000270001.12_ZFP14	-	175	5.240427642857143	4.3298114772	5.158358668685715	4.909532596247619	5.1022315986095235	4.242748870609524	5.036055800685714	4.793678756634921	-0.13819607966106667	-0.08706265519630095	-0.12230286430019618	-0.1158538663858546	5.2785089276	4.357497540628572	5.195399163695238	4.943801877307936	0.2143586392397333	0.14243475317397714	0.1963838545046038	0.1843924156394381	63	27	50	43	74	5	1	5	1	9	58	26	45	42	65	-0.10515429222424116	0.786302851108568	-0.8914571433328092	0.12	175	0.5512980155305024	2.6600899654811943e-15	175	0.4957258906604065	3.055634786638134e-12	175	0.47712409191214267	2.4640992373969168e-11	175	0.5261429482723486	7.575430418768008e-14	66	0.23639959956693707	0.05600364050632659	62	-0.0664983761097485	0.6075863815062768	68	-0.08518121361162889	0.4897815456793976	65	-0.04115614398524693	0.7447942196289017	109	-0.6467568215088754	3.0320683702462474e-14	113	-0.6453002867772585	1.2083438537522964e-14	107	-0.6731839702114928	1.9696009742440426e-15	110	-0.7140774096164877	2.0036481786806978e-18	0.08310976390476199	-0.9210113869714284	-0.08310976390476199	0.017974784735129534	-0.0719238860657562	-0.017974784735129534	promoter_250bp	chr19	36379202	36380201	1000	ENSG00000142065	ENST00000270001	ZFP14	0.525	0.756	0.01854188	0.40050569	0.8	1.3	3	0.84799690655495	1.2016338611696504	2	2	0.6759036144578313	0.7572362278244631	2.7	1.8875252707415875	18.799999999999997	4.307428525192247	0.301666871	0.5303030303030303	0.010086348484848484	0.3813131313131313	0.3263959914915197	0.8276129550504685	2.961303982973099	2.8188352606594562	5.610273042678833	1.013353425323963	1.030772946834564	0.5688246034622193	1.9448707830309868	5.16770083618164	9.438865138053892	3.067839534640312	5.268458086967469	2.0540855692338944	7.957075182840228	5.743716535702347	14.22136867904663	0.4583410560131073	1.107530036211014	2.859167358708405e-12	0.955716916339265	1.0168963084754992e-15	neg
chr8	ENSG00000173281.5_ENST00000310455.4_PPP1R3B	-	250	3.5953665796	2.152568923	2.23827794024	2.662071147613333	3.46095273036	2.0968475621066665	2.1891534675733335	2.5823179200133333	-0.134413832841112	-0.05572137595645334	-0.04912449074782667	-0.07975323318179733	3.660265012	2.2113352364666667	2.30243902884	2.724679759102222	0.264210733144792	0.17325398917213333	0.17744665493862666	0.204970459085184	140	55	65	72	150	24	16	20	18	30	116	39	45	51	121	1.021127996508032	1.344547992400825	-0.32341999589279297	0.236	250	0.5393175962213539	2.8760516609957074e-20	250	0.56346758702606	2.392304386269852e-22	250	0.5355264289413929	5.893137021941988e-20	250	0.5737506619849019	2.75700668680106e-23	105	0.09255260950030451	0.34770662429412713	107	0.29013768675561863	0.0024338518889927205	107	0.293148009528738	0.002181447427279005	108	0.3030300349437887	0.001433397222707055	145	-0.6534091047005474	5.194151231140209e-19	143	-0.7093867298977488	3.562135306621378e-23	143	-0.6190682832574215	1.7099366552339454e-16	142	-0.714000776677409	1.9852682035112697e-23	1.35782598316	-1.4489297755333332	-1.35782598316	0.08676407820616533	-0.09095674397265864	-0.08676407820616533	promoter_250bp	chr8	9150659	9151658	1000	ENSG00000173281	ENST00000310455	PPP1R3B	0.909	1.291	0.02371359	0.365781086	4.4	0.1	7.3	2.4329594072761065	0.13750352374993502	3.0531113364595623	3.0531113364595623	0.9063367799113736	0.9416180886769124	8.9	3.3074285251922473	0.3	0.37851162325372983	0.723526621	6.108527131782946	0.22909958139534883	0.8443182355973053	0.5247872378838433	1.196773336029053	5.15115358543396	11.677089834213255	7.2748445091247556	10.254985982060433	4.917853630304337	0.11898717160701752	0.4783457491397858	2.9542630838751793	5.397244303703308	0.16776307165622711	0	2.2722333459472654	5.261380535125732	67.0823168811798	47.15085037994385	2.995217483139038	4.088922355651856	9.939583482310904e-21	0.06590476900886064	1.9231149034363344e-19	neg
chr10	ENSG00000072401.15_ENST00000373910.9_UBE2D1	+	223	3.221711689103139	3.25360281103139	4.476041169596413	3.6504518899103138	3.125118458938714	3.161758511973094	4.329070723602392	3.5386492315047335	-0.09659323777210764	-0.09184432332317488	-0.1469704148488939	-0.1118026586480588	3.29530271612855	3.2986527062929745	4.522621427070254	3.705525616497259	0.24377528905408072	0.18194409426435873	0.2401309480106278	0.22195011044302243	113	70	91	89	131	31	13	10	17	37	82	57	81	66	99	1.4550762330239322	1.9605291485864744	-0.5054529155625423	0.34080717488789236	223	0.6541097429327557	1.303400935974979e-28	223	0.6233861721220749	2.0875348631914027e-25	223	0.6006424304318064	2.9666510162843354e-23	223	0.6464605450300983	8.858232742432e-28	90	0.21636568867558015	0.040534236071957226	89	0.2387587867748364	0.02424032597500002	78	0.17755295004962782	0.11990497655710416	86	0.28478493806764854	0.00786960962790119	133	-0.7605336417032674	2.4503451040308588e-26	134	-0.722693028377067	6.369327660524732e-23	145	-0.713994797010467	6.751474672160716e-24	137	-0.7138584542653594	1.2356012670520978e-22	-1.2273187109417036	-1.2239687207772794	1.2239687207772794	0.0036443410434529033	-0.06183119478972199	-0.0036443410434529033	promoter_250bp	chr10	58334006	58335005	1000	ENSG00000072401	ENST00000373910	UBE2D1	0.737	0.64	0.05452657	0.749315521	8.1	8.3	12.7	3.1858665453113337	3.2172307162206693	3.776103988073164	3.776103988073164	0.9224634334103156	0.953598275447481	7.8	3.137503523749935	34.45	5.147713722352154	0.487862619	4.138461538461539	0.14089367692307692	0.7267610167610168	0.509582447601712	0.6742136286735533	3.5266931995749475	4.990575590476394	17.2779610786438	0.999790861070156	1.1317656407356262	0.2028140058040619	0.9182064738869667	9.660442192465068	31.446828498840333	0.6840897871851921	0.5241943986415863	0.8056922054767608	3.0265570843219756	6.378170608341694	19.861330432891847	1.0628100244998933	1.767996760368347	8.516206533765875e-25	0.172846542827597	3.819580498621776e-19	neg
chr3	ENSG00000113810.16_ENST00000357388.8_SMC4	+	250	4.3566432568	3.4729785932	4.4641866492	4.0979361664	4.2375355004	3.398809170533333	4.356183405866667	3.9975093589333337	-0.11910777009772	-0.07416941400038893	-0.10800326326825334	-0.10042681578878744	4.403110914133333	3.5126541226666665	4.520015613066667	4.145260216622222	0.21204308116454668	0.1535204991861356	0.21966119495492	0.1950749251018674	110	57	111	97	131	13	3	10	8	15	97	54	101	89	116	2.04637602443574	2.406616025283467	-0.36024000084772706	0.364	250	0.6657061377010951	2.2333637283121548e-33	250	0.6611802730849305	8.502447533243084e-33	250	0.6369927370999264	7.394861004677274e-30	250	0.6707127775550321	4.95162757254446e-34	104	0.27901581219061616	0.004127936192334276	110	0.26942633786876236	0.004422773839525889	113	0.3778634216503755	3.689152090327868e-5	108	0.2716631441913667	0.0044544544712017695	146	-0.7034513223434248	4.15371346037519e-23	140	-0.7344264464329188	5.409586339079803e-25	137	-0.7011408424615814	1.4318768366909996e-21	142	-0.7132324726123588	2.323819080788142e-23	-0.11690469893333331	-1.0073614904	0.11690469893333331	-0.007618113790373332	-0.0661406957687844	0.007618113790373332	promoter_250bp	chr3	160398650	160399649	1000	ENSG00000113810	ENST00000357388	SMC4	0.776	0.978	0.02810599	0.391095941	107.6	24.8	80.7	6.762880292916999	4.689299160535892	6.352264173258321	6.762880292916999	0.8391843971631205	0.9381385265830668	6.8	2.963474123974886	31.65	5.029011086659068	0.450376849	2.9236641221374047	0.11964482442748092	0.6741730279898219	0.2356815293215835	3.0584417618989947	4.464936925888061	41.9281590526104	32.19716178894043	14.725984728574751	39.33306245422363	1.2085701338624957	2.1560542707443235	25.27254672884941	13.20529130744934	22.96706324863434	35.738654937744144	1.4423428475761413	1.9937961592674256	74.23757901382446	57.97960415649414	9.968134724044802	18.20222741317749	2.2664359860180293e-30	0.12910295506570885	1.9231149034363344e-19	neg
chr11	ENSG00000110090.13_ENST00000265641.10_CPT1A	-	235	2.3904099314468086	1.7116215523404257	1.9240127374893616	2.008681407092199	2.3626782414042555	1.7010988734893615	1.920379219148936	1.9947187780141844	-0.027731671444695034	-0.010522664862286524	-0.003633526710943688	-0.01396262100597508	2.451580658028369	1.7626834079148936	1.9830975454751776	2.0657872038061464	0.15007314294489363	0.11264639164369929	0.12180314358948184	0.12817422605935824	59	38	39	47	62	22	12	15	15	24	37	26	24	32	38	0.08265106862985548	0.6751744697534261	-0.5925234011235706	0.07659574468085106	235	0.3333388469645786	1.6661957703732998e-7	235	0.33536649607651536	1.3868481077845965e-7	235	0.3152784212434608	8.066064902795087e-7	235	0.34992382822826146	3.5712375780625054e-8	123	0.516489399972762	9.654090849103194e-10	116	0.39014779629755914	1.49539198103843e-5	114	0.3934436872891814	1.4875896011130762e-5	120	0.46846555119460903	6.81819507420613e-8	112	-0.16011952640427654	0.09171204449121106	119	-0.26433578708431354	0.00367273273333643	121	-0.1708100632840791	0.06104099669460631	115	-0.24511544627353973	0.008284230264540149	0.4684831125531917	-0.6888972501134754	-0.4684831125531917	0.028269999355411787	-0.03742675130119434	-0.028269999355411787	promoter_250bp	chr11	68841917	68842916	1000	ENSG00000110090	ENST00000265641	CPT1A	0.709	0.786	0.02281264	0.478827053	9.9	13.4	53.9	3.4462562298895643	3.84799690655495	5.778734244117836	5.778734244117836	0.6694345238095238	0.7500109874241083	20.7	4.439623137557117	41.85	5.4212232992251375	0.476897302	3.4867256637168142	0.21365738938053097	0.9800884955752212	0.9720789096842232	0.26269012943267817	0.8844966900348663	9.889456623643635	21.45098415184021	0.9952232887744904	2.447414772987366	0.12926336574554442	0.1225266613960266	1.3825318403244018	3.816931178569794	0.3633867520093918	0.7626606364250184	0.6799445999908447	2.837451669216156	10.673456329718231	30.26784190750122	0.47497518186569215	0.43998400402069093	3.466083358854271e-7	1.0867553596372743e-4	0.02764173936958328	pos
chr16	ENSG00000069764.10_ENST00000438167.8_PLA2G10	-	250	2.5940561512	1.781820442	1.5148362104	1.9635709345333336	2.5088092937333335	1.73995273392	1.4916424247066666	1.9134681507866669	-0.08524685919086666	-0.04186769679980667	-0.023193778750813333	-0.05010277824716222	2.670829895333333	1.8360102685333333	1.589625364266667	2.0321551760444443	0.23879434681788	0.15024736198794	0.17277210297145337	0.18727127059242443	106	43	62	74	119	27	13	24	23	38	79	30	38	51	81	-0.12458800154924392	0.4659239994585514	-0.5905120010077953	0.048	250	0.34047138782933245	3.3475908055623514e-8	250	0.3170292155508524	3.051471793230226e-7	250	0.3074648257104368	7.133390191158784e-7	250	0.3473389306247121	1.6907259296053712e-8	107	0.4035839404453054	1.628902037291871e-5	112	0.39995911415379826	1.2476864428996406e-5	120	0.3829317728429727	1.5843834918274736e-5	110	0.4654107726949808	3.006115727318361e-7	143	-0.2503186339174202	0.002567597643108305	138	-0.28943027242124725	5.750715390514737e-4	130	-0.24172551385056548	0.005593789564107912	140	-0.2696322162574849	0.001274720663423352	0.8348196267999999	-0.8348196267999999	-1.0812045310666665	0.06602224384642666	-0.08854698482994	-0.06602224384642666	promoter_250bp	chr16	14694309	14695308	1000	ENSG00000069764	ENST00000438167	PLA2G10	1.895	1.176	7.9105e-4	0.402122055	0	0	0	0	0	0	0	0.949367088607595	0.9671513403240688	0.1	0.13750352374993502	0.1	0.13750352374993502	0.31232319	NA	NA	NA	NA	0	0	0	0	0	0	0	0	0	0	0	0	0	0	0	0	0	0	1.750404559486745e-7	2.7943734589956317e-4	0.005092293402143758	pos
chr7	ENSG00000105784.16_ENST00000394654.4_RUNDC3B	+	250	4.0928038888	3.3716827544	3.627704404	3.697397015733334	4.035114821066666	3.3185008962666664	3.5608427706666665	3.6381528293333334	-0.057689037905146665	-0.05318185117274	-0.066861665349	-0.05924418480896222	4.157109668533334	3.413860116266666	3.6865989673333335	3.7525229173777777	0.18630063278498665	0.13753658566339333	0.184650749383	0.16949598927712667	60	26	52	42	79	13	6	18	10	27	47	20	34	32	52	0.5542200035117567	1.1139200032614172	-0.5596999997496604	0.18	248	0.3491960124547243	1.4015775247668778e-8	248	0.40560309114954224	2.5599100373100415e-11	248	0.3880033516055871	2.0866038998074718e-10	248	0.3977280298674266	6.646444341080586e-11	96	0.34216900455662325	6.025848825517596e-4	95	0.4548705746937676	3.225930864857232e-6	95	0.3228589724344829	0.0013352333351676234	97	0.4621616577141123	1.663061891936876e-6	152	-0.35839876026274076	5.394392920127429e-6	153	-0.3796104883870955	1.201052654440822e-6	153	-0.3474335285613884	1.0113601139173124e-5	151	-0.26498798717247335	9.695924971092248e-4	0.4705107012000002	-0.7432495522666671	-0.4705107012000002	0.001649883401986657	-0.04876404712159333	-0.001649883401986657	promoter_250bp	chr7	87627398	87628397	1000	ENSG00000105784	ENST00000394654	RUNDC3B	0.698	1.036	0.02268263	0.476336384	0.2	0.2	0.8	0.2630344058337938	0.2630344058337938	0.84799690655495	0.84799690655495	0.865897435897436	0.9489160887138096	0.6	0.6780719051126377	4.75	2.523561956057013	0.270132679	3.6542056074766354	0.10158133644859813	0.7395379023883697	0.3819276824345008	0.04293783072829247	0.058266976147890094	1.255684158027172	0.5733736968040466	0.1490036579370499	0	0.28922100494384767	0.8258276234865188	14.910641702055932	16.55329481124878	0.388824652493	0.03831391906738281	2.416548337554932	7.688586278915405	50.25141122913361	60.47601011657715	0.2168255288362503	0.30543708115816115	1.1955999929563361e-9	9.101435841114968e-4	0.003970856711032408	pos
chr10	ENSG00000172987.14_ENST00000370552.8_HPSE2	-	240	2.5853239154166667	1.55051513125	1.5622282358333333	1.8993557608333336	2.5395525548611113	1.5391596338888889	1.5567835261805556	1.8784985716435183	-0.04577135172539583	-0.011355500330069443	-0.0054447254389625	-0.020857192498142593	2.63482398875	1.5845075458333333	1.5985419902777778	1.9392911749537036	0.1447715040939236	0.07934032883173611	0.07807222879259305	0.10072802057275092	30	6	7	16	32	12	6	6	7	13	18	0	1	3	19	2.2117250032771456	2.4007583355734825	-0.1890333322963367	0.3625	225	0.2861680451386128	6.646243846690631e-6	225	0.18730991388308812	0.0035858920868823323	225	0.32254272585615634	3.257739947343651e-7	225	0.308541258546708	1.091445128103126e-6	86	0.39920654935240185	8.861506992558334e-5	102	0.30772798888804687	0.0011962011561927623	102	0.3622671474908246	1.0842702232580448e-4	89	0.45004453471777944	5.340659955353242e-6	139	-0.23643937654225536	0.0036950906342005513	123	-0.16238883123964273	0.06283909239269549	123	-0.37520461346932293	1.0069329937088788e-5	136	-0.18601830491023652	0.02457581481421819	1.0362819984722222	-1.0503164429166667	-1.0362819984722222	0.0654311752621875	-0.0654311752621875	-0.06669927530133056	promoter_250bp	chr10	99235853	99236852	1000	ENSG00000172987	ENST00000370552	HPSE2	0.838	1	0.00916502	0.513277578	0	0	0	0	0	0	0	0.8520945945945947	0.9821426786315274	2.1	1.632268215499513	2.25	1.7004397181410922	0.636447216	1.8928571428571428	0.060124535714285714	0.925595238095238	0.8848478140776809	0.0519573241519928	0.08040884798765183	0.91796036952734	0.8847764401435853	0.5178665012717247	0.26622932171821595	0.04559766418457031	0.026053667664527897	0.12083500200510024	0.0104476398229599	0	0	0.1492931155014038	0.12623890393972398	0.475177467212081	0.5994904801249504	0.28069233293533324	0.2924560059309006	7.745523043602458e-6	0.002031392841199815	0.07238423620118453	pos
chr2	ENSG00000115145.10_ENST00000263904.5_STAM2	-	250	2.23265788328	2.3873203896	2.43898828888	2.35298885392	2.2059680125333334	2.3563982564	2.41560226832	2.325989512417778	-0.026689876127653337	-0.030922145454573332	-0.023386036676513337	-0.026999352752913333	2.2898650412133335	2.4391593476	2.51910167208	2.4160420202977777	0.14110419891045334	0.13460005234686667	0.18361279020380664	0.15310568048704223	56	44	65	55	71	20	12	28	21	31	36	32	37	34	40	0.9868359959861264	1.4122759971302004	-0.4254400011440739	0.212	250	0.4552515132417438	3.40598370875125e-14	250	0.40496119635497607	2.7695428514352944e-11	250	0.4126101751130421	1.0722333586707544e-11	250	0.4393579596964009	3.194695481751618e-13	127	0.40748791007035134	1.986602881933866e-6	126	0.4303550065368512	4.914386306938547e-7	128	0.46147989094365927	4.1942780111836245e-8	128	0.4384231527806619	2.2666291589654745e-7	123	-0.3688999101316674	2.685775963268536e-5	124	-0.27076438494930055	0.002353276158577118	122	-0.23181255504750783	0.010193619364536574	122	-0.2505813098701009	0.005372164415669165	-0.22923663086666668	-0.07994232448000016	0.07994232448000016	-0.042508591293353326	-0.04901273785693999	0.042508591293353326	promoter_250bp	chr2	152175764	152176763	1000	ENSG00000115145	ENST00000263904	STAM2	1.021	0.969	0.01090742	0.363724301	4	6.3	6.5	2.321928094887362	2.867896463992655	2.9068905956085187	2.9068905956085187	0.3690510948905109	0.7206724991939976	8.7	3.277984747299765	42.9	5.4561490346479955	0.456479314	3.145038167938931	0.07763292366412214	0.6249515327759603	0.17594591624271666	1.753263455915451	3.2348862648010255	10.96413802973926	38.19858229827881	18.288663328677416	53.40995687866211	1.1269568798828125	1.6029719858169555	25.341296073436737	27.038786157608033	16.794535986304282	48.37744940948486	1.6020125111007693	3.1791987543106077	49.56958993053436	63.19080143737793	14.65080366821289	27.13811519241333	1.0200037880389622e-11	2.2756701023908806e-4	0.018726302285024532	pos
chr6	ENSG00000146285.15_ENST00000369020.8_SCML4	-	246	0.8639108609756098	0.8450959873170731	0.6671866541463415	0.7920645008130082	0.8598699255555555	0.8336371674796748	0.6555979233333333	0.7830350054561879	-0.004040938500623306	-0.011458823060200542	-0.011588730222588077	-0.009029497261137307	0.901245163495935	0.8783844655149051	0.7034951149322494	0.8277082479810298	0.07870954611665312	0.07803577860396747	0.08420565191329268	0.08031699221130442	9	7	7	7	13	9	7	7	7	13	0	0	0	0	0	3.5961341540844036	3.627829275650494	-0.031695121566091125	0.6341463414634146	242	0.04461120930959818	0.4861266524298642	242	0.30115620189455433	1.4975500401945771e-6	242	0.3620085441582636	4.959328264418099e-9	242	0.23934918660526897	1.5054868593741898e-4	109	0.287416275157673	0.002223369715432256	98	0.40940423842413015	2.840430262621367e-5	107	0.3665209982029172	1.0325456669187982e-4	112	0.4359736945521493	1.2442519617397605e-6	133	0.001048969854627163	0.9903661002927432	144	-0.3037758573351204	1.7448588262193343e-4	135	-0.30482366042861664	2.6368256287386937e-4	130	-0.13636405407035687	0.1189739798275046	0.022860697981029857	-0.022860697981029857	-0.1977500485636856	-0.005496105796639561	-0.006169873309325211	0.005496105796639561	promoter_250bp	chr6	107824314	107825313	1000	ENSG00000146285	ENST00000369020	SCML4	1.06	1.008	0.00610329	0.349982162	0.2	0.1	0.2	0.2630344058337938	0.13750352374993502	0.2630344058337938	0.2630344058337938	0.8479646017699115	0.9605095800645116	0.7	0.765534746362977	1	1	0.58568709	3.8395061728395063	0.10261708641975308	0.9561287477954143	0.89293869547458	0.05409316882133485	0.0450341235101223	0.14544164365530013	0	1.0467195006608965	0.4683367197513581	0.1537873956942558	0.08850806269049645	0.277238962367177	0.008955000042915344	0.7034794633984566	0.5048038907051087	0.3492656463575363	0.6308149156570435	1.7054021202325822	2.143058751583099	0.8881447299718856	0.5244202384948731	6.948246459920084e-4	7.180620976440218e-4	0.2706617071593583	pos
chr17	ENSG00000188803.15_ENST00000441885.8_SHISA6	+	250	2.531638862	1.9002708364	2.0141254984	2.1486783989333333	2.5047948177333335	1.8885594388	2.0065997120666665	2.1333179895333334	-0.0268440386324	-0.01171139016776	-0.007525776067480001	-0.015360401622546666	2.625849923466667	1.9676044568	2.0859061949333335	2.226453525066667	0.21526617301186665	0.1463786307868	0.15108717763028	0.17091066047631556	80	43	49	63	83	40	22	20	31	42	40	21	29	32	41	2.512840013137087	2.5689240121301262	-0.05608399899303913	0.528	244	0.3528971800640883	9.6092917311633e-9	244	0.38934527741089575	1.7858288830366636e-10	244	0.2781605372710874	8.026173683441778e-6	244	0.3737873612681853	1.0400823931300615e-9	104	0.4043200829706694	1.889404970687515e-5	111	0.3570273842356719	1.1145775184995146e-4	113	0.306146428181418	8.764126566260559e-4	109	0.4302793751010407	2.7102639933940853e-6	140	-0.2783671680538022	6.983219800854887e-4	133	-0.30463417095979517	2.8033127981235036e-4	131	-0.18801976007480103	0.028977474820678754	135	-0.2449283079201362	0.0035386007784065665	0.5399437285333333	-0.6582454666666668	-0.5399437285333333	0.06417899538158664	-0.06888754222506666	-0.06417899538158664	promoter_250bp	chr17	11240213	11241212	1000	ENSG00000188803	ENST00000441885	SHISA6	0.686	0.999	0.14385551	0.499766006	0	0	0	0	0	0	0	0.8333734939759035	0.929849685309424	0.8	0.84799690655495	6.85	2.9726926540042644	0.534409193	2.8	0.0996882	0.9714285714285714	0.9469717082683684	0.004985567235946654	0.003883379206061363	0.04021992158889771	0	0.23234568357467653	0.22011696338653564	0.01639892081916332	0.037963902950286864	0.7973160179257393	0	0	0	0.4915502767944336	0.4445991961956024	2.6149808874726297	2.164928343772888	0	0	1.4155427300916801e-8	0.0013340875939248063	0.012832097778493855	pos
chr2	ENSG00000135925.9_ENST00000258411.8_WNT10A	+	250	1.04745638316	1.2619936438	1.648641964	1.3193639969866666	1.058632586	1.26668071104	1.6324619786	1.3192584252133333	0.01117620618552	0.004687077899373332	-0.01617997603968	-1.0556398492888797e-4	1.1165916363466666	1.3225266573466667	1.7050667376	1.381395010431111	0.12709431002114666	0.11637896118844	0.12902952868741333	0.12416759996566666	36	25	34	28	48	23	10	10	11	24	13	15	24	17	24	3.911579967521131	3.932231967628002	-0.020652000106871127	0.684	250	0.2597314774763715	3.214532060820417e-5	250	0.3575418402045924	5.942510872602731e-9	250	0.40291142732599744	3.556955375881371e-11	250	0.39706069379125386	7.197881333110874e-11	127	0.32694578320995515	1.7563441075489056e-4	119	0.4784581151666444	3.722064909213627e-8	125	0.40237180884761486	3.29329450664684e-6	127	0.426981993082741	5.555064795351291e-7	123	-0.14153107971269685	0.11840585814682306	131	-0.09725457222175984	0.26912360923854217	125	-0.38491428391748606	9.3258183850778e-6	123	-0.20034411705183264	0.026295894170132915	-0.5884751012533334	-0.3825400802533332	0.3825400802533332	-0.0019352186662666693	-0.012650567498973322	0.0019352186662666693	promoter_250bp	chr2	218879852	218880851	1000	ENSG00000135925	ENST00000258411	WNT10A	1.486	1.169	0.00132119	0.486502409	0	0	0	0	0	0	0	0.845	0.9620407386255472	0.9	0.925999418556223	0.2	0.2630344058337938	0.819212052	6.018867924528302	0.20493354716981133	0.9689502845163224	0.9276428113069356	0.06476591359853744	0.04655159439146519	0.4492251711189747	0.2598825702667236	0.17324020266532897	0	0.12705256343364715	0.07339702704548835	0.7860528672933579	0.5128248951435089	0	0	0.7650669955444337	0.960071656703949	4.985646676003933	8.31374722290039	0.113647843003273	0	1.284779128101946e-9	4.311558135023093e-4	0.07683815290549106	pos
chr14	ENSG00000139946.11_ENST00000267460.9_PELI2	+	250	4.0552039652	3.0777605856	2.3916463036	3.1748702848	3.9801027446666666	3.0433107774666666	2.385874659066667	3.136429393733333	-0.07510119202982533	-0.03444979601795333	-0.005771635625405334	-0.038440874557728	4.154653415733334	3.1384186208	2.471084224933333	3.2547187538222224	0.27400011735817464	0.1557658820043	0.16464748692467468	0.19813782876238312	114	34	49	56	123	43	17	30	28	48	71	17	19	28	75	0.6974039981393143	0.9515599975762888	-0.25415599943697453	0.136	250	0.19246754181823816	0.002238954591628258	250	0.27949730565856473	7.228922005215448e-6	250	0.3019619481490028	1.147237538523382e-6	250	0.26993916390442696	1.5093176338808174e-5	95	0.4271067694237418	1.5852981046735914e-5	95	0.394974646569093	7.460856996639705e-5	96	0.4767173803490297	9.105613042619236e-7	98	0.4212334603643544	1.5655776799971398e-5	155	-0.029206957107357993	0.7182809008189597	155	-0.14805647031027022	0.06598676662258202	154	-0.14156881630177667	0.07988719634144921	152	-0.13961487300916867	0.0862552534298254	1.0162347949333337	-1.0162347949333337	-1.6835691908000006	0.10935263043349996	-0.11823423535387464	-0.10935263043349996	promoter_250bp	chr14	56117411	56118410	1000	ENSG00000139946	ENST00000267460	PELI2	0.841	0.864	0.06431909	0.646310849	2.8	0	0	1.925999418556223	0	0	1.925999418556223	0.7697037037037038	0.8916461745735709	5.2	2.6322682154995127	93.4	6.560714954474479	0.734970094	4.395161290322581	0.13995617741935484	0.9012701903830936	0.760112191716036	0.292683030128479	0.6500577998161315	14.333507855921985	9.276735300064088	1.2306856788396836	0.4728438472747803	0.11310084190368654	0.12505761593580245	6.432030478805304	8.607357124328614	0.40717512810230255	0	0.3551946945667267	0.9885600900650025	5.915616221666336	9.603517439842223	0.14465449738502503	0	8.503578594923504e-5	0.0037165259648839905	0.2095316214907689	pos
chr18	ENSG00000132205.11_ENST00000254528.4_EMILIN2	+	250	2.3906169956	2.1376742012	1.9605245468	2.1629385812	2.3450020088	2.0873674508933333	1.93287344248	2.121747634057778	-0.04561500115545333	-0.05030675835746667	-0.027651110672306668	-0.04119095672840889	2.4940568676	2.2139355385333332	2.047883136	2.2519585140444445	0.25249474601316	0.20282942789053332	0.20236827966590668	0.21923081785653337	118	84	85	91	136	45	22	34	28	56	73	62	51	63	80	2.3783599990680813	2.5538039992749693	-0.17544400020688772	0.456	250	0.3616729526208561	3.8502145162683856e-9	250	0.4298872967551997	1.1484742856357905e-12	250	0.4472468569120384	1.0670709520957197e-13	250	0.4300169174711472	1.1288385839577673e-12	120	0.3806872590031693	1.7930248363769112e-5	120	0.36687049385516385	3.7648340065198985e-5	119	0.395681146940051	8.429321405816307e-6	123	0.41975676745725954	1.3452802484240435e-6	130	-0.28047574769080813	0.0012285790819646434	130	-0.35840916694701075	2.8267222338148197e-5	131	-0.3846435987220628	5.732589056822562e-6	127	-0.25440950995928924	0.003897367995627527	0.28012132906666665	-0.28012132906666665	-0.44617373160000007	0.0496653181226267	-0.0496653181226267	-0.050126466347253346	promoter_250bp	chr18	2846006	2847005	1000	ENSG00000132205	ENST00000254528	EMILIN2	1.048	1.116	0.00154049	0.285813126	0.1	0.2	0.4	0.13750352374993502	0.2630344058337938	0.48542682717024166	0.48542682717024166	0.9457262569832402	0.9646182175666042	2.2	1.6780719051126378	4.35	2.4195388915137843	0.62236210300000006	6.747368421052632	0.24863873684210527	0.8975768967874231	0.7123995468498966	0.4532333797454834	0.6463867044448852	5.458925827622414	12.790861358642578	1.8616492385864256	2.061973562479019	0.06460852427482605	0.05657369449734688	3.0138762070536615	6.556504835128784	0.5262322544455528	0.8761181306838989	0.39318950572013855	0.6156390249729157	3.3997040020525455	3.781334661483765	0.04322181105613709	0	3.145660498452361e-11	7.504870079208264e-4	0.013992830886212483	pos
