avgKHS_skew_base_bin	s_het_bin	count_n	phyloP_mam241_base_mean	phyloP_mam241_base_sd	phyloP_mam241_base_se	phyloP_mam241_base_lci	phyloP_mam241_base_uci
(-Inf,-1.5]	1	773	3.6693324675978705	3.252291684319958	0.11697680136158414	3.4400579369291657	3.898606998266575
(-Inf,-1.5]	2	872	3.6684942626658144	3.096131934489022	0.10484825730245083	3.462991678353011	3.873996846978618
(-Inf,-1.5]	3	1030	4.35118172603555	3.0762965972514826	0.09585385697686256	4.1633081663609	4.539055285710201
(-Inf,-1.5]	4	1002	4.856042993063105	2.974532880130339	0.09396906663369851	4.671863622461056	5.040222363665154
(-Inf,-1.5]	5	1023	5.315920824675709	2.9814003399732774	0.0932142865299476	5.1332208230770116	5.498620826274407
(-Inf,-1.5]	6	1178	5.670651954302151	2.7380893732253777	0.0797764992126733	5.514290015845312	5.827013892758991
(-Inf,-1.5]	7	913	5.8697787553422875	2.7061049078249217	0.08955900092335814	5.694243113532505	6.04531439715207
(-Inf,-1.5]	8	933	6.000828518644016	2.664649125175051	0.08723669591978624	5.829844594641235	6.171812442646797
(-Inf,-1.5]	9	991	6.517296683443586	2.4343129067228397	0.07732849796299106	6.365732827436124	6.668860539451049
(-Inf,-1.5]	10	1118	6.6291976706199804	2.319889545179945	0.06938193470850708	6.493209078591306	6.765186262648655
(-1.5,-1]	1	2260	2.534121238066616	2.9659710836723434	0.06238967065197704	2.411837483588741	2.6564049925444913
(-1.5,-1]	2	2992	2.900162434906476	3.000590375476771	0.05485622494218588	2.7926442340197917	3.0076806357931605
(-1.5,-1]	3	3186	3.3515426487975155	2.898119961087552	0.051344446020156816	3.2509075345980083	3.4521777629970227
(-1.5,-1]	4	3317	3.798119987228474	3.0391877457065894	0.05276972047253808	3.6946913351022994	3.9015486393546484
(-1.5,-1]	5	3230	4.076206189495129	3.043093675718116	0.05354440048483473	3.9712591645448527	4.181153214445405
(-1.5,-1]	6	3355	4.4988309975498675	2.9577981036981114	0.05106487391456699	4.398743844677316	4.598918150422419
(-1.5,-1]	7	3315	4.732536047730528	2.9159267206119033	0.05064479753478052	4.633272244562358	4.8317998508986975
(-1.5,-1]	8	3372	5.046667851416587	2.87126757191533	0.04944585410324084	4.949753977374235	5.143581725458939
(-1.5,-1]	9	3513	5.593074867997509	2.694176244007117	0.04545555110256863	5.503981987836474	5.682167748158544
(-1.5,-1]	10	3886	5.586511836683465	2.709439872115267	0.043463842618718884	5.501322705150776	5.671700968216155
(-1,-0.5]	1	8774	1.6992719385282997	2.6404021201441608	0.02818845401226	1.6440225686642702	1.7545213083923292
(-1,-0.5]	2	10959	1.9651794876725566	2.731238202774601	0.02609000215513788	1.9140430834484863	2.016315891896627
(-1,-0.5]	3	11788	2.187860191561298	2.8172165250407013	0.025947777401940327	2.137002547853495	2.2387178352691013
(-1,-0.5]	4	12460	2.5835545817465504	2.9366113729884664	0.026307977105571145	2.531990946619631	2.6351182168734697
(-1,-0.5]	5	12609	2.8001499725275885	2.950838952107639	0.026278779164532706	2.7486435653651045	2.8516563796900725
(-1,-0.5]	6	13300	3.184187290700192	3.0092412409877425	0.026093430807636063	3.1330441663172253	3.2353304150831588
(-1,-0.5]	7	13181	3.3865474517297756	3.034984830546074	0.026435184431421736	3.334734490244189	3.4383604132153622
(-1,-0.5]	8	13724	3.9068831236206933	2.964855905720223	0.025308315303429824	3.8572788256259707	3.956487421615416
(-1,-0.5]	9	13944	4.244390848848506	2.9568064640497576	0.025039705225275256	4.195313026606967	4.293468671090046
(-1,-0.5]	10	14511	4.457183656841048	2.9447458334578616	0.024445512400841377	4.409270452535399	4.505096861146697
(-0.5,-0.2]	1	23048	0.8500592235453197	2.2438557544265554	0.014780131987699221	0.8210901648494292	0.8790282822412102
(-0.5,-0.2]	2	26283	0.9566917126034495	2.373732558414122	0.014641794903840691	0.9279937945919218	0.9853896306149773
(-0.5,-0.2]	3	27846	1.1084578146643862	2.5219619427638387	0.015113223998790584	1.0788358956267567	1.1380797337020157
(-0.5,-0.2]	4	29272	1.344639036902363	2.6378643582708814	0.015417936819825343	1.3144198807355054	1.3748581930692207
(-0.5,-0.2]	5	30338	1.5007693646783355	2.677061233490008	0.015369680215948055	1.4706447914550773	1.5308939379015938
(-0.5,-0.2]	6	32309	1.7441519577555873	2.7335885243735127	0.015207974808441717	1.7143443271310415	1.7739595883801331
(-0.5,-0.2]	7	31800	2.0090592190771352	2.79106902086087	0.01565153787047723	1.9783822048509998	2.0397362333032705
(-0.5,-0.2]	8	34678	2.36981230134715	2.8949738239774923	0.015545962655473288	2.3393422145424223	2.4002823881518776
(-0.5,-0.2]	9	35441	2.7003760046308196	2.9111391962748874	0.015463577954897088	2.6700673918392215	2.7306846174224177
(-0.5,-0.2]	10	36421	3.05403736878229	2.9956154558103325	0.015696764035052543	3.023271711273587	3.0848030262909933
(-0.2,-0.05]	1	67320	0.3522234433995214	1.9693935154001525	0.007590326366166499	0.33734640372183505	0.3671004830772077
(-0.2,-0.05]	2	71370	0.34995648031659393	2.0625569744749086	0.007720547612885654	0.33482420699533805	0.3650887536378498
(-0.2,-0.05]	3	74153	0.4097718120440859	2.158505772143906	0.007926634832480193	0.3942356077724247	0.4253080163157471
(-0.2,-0.05]	4	75225	0.48457990182632893	2.272962088952127	0.008287262471991332	0.46833686738122593	0.5008229362714319
(-0.2,-0.05]	5	76146	0.6094543896673891	2.321450697783849	0.0084127099829971	0.5929654781007148	0.6259433012340634
(-0.2,-0.05]	6	80665	0.7499940497733778	2.4045144737515134	0.008466127926409458	0.7334004390376153	0.7665876605091403
(-0.2,-0.05]	7	79707	0.9131600807698068	2.4567304162246586	0.008701803479347533	0.8961045459502857	0.930215615589328
(-0.2,-0.05]	8	86245	1.2538638524417065	2.601378203898171	0.008858017498018686	1.2365021381455898	1.2712255667378232
(-0.2,-0.05]	9	87284	1.5534989800709733	2.6807722092038295	0.009073870823786955	1.535714193256351	1.5712837668855957
(-0.2,-0.05]	10	87956	1.868843557885584	2.843716946387789	0.009588565311740726	1.8500499698745723	1.8876371458965957
(-0.05,0.05]	1	200237	0.15720269489170977	1.7334039197266888	0.0038737145006750885	0.14961021447038658	0.16479517531303295
(-0.05,0.05]	2	189406	0.14180728893059585	1.8363224184730087	0.004219413324882626	0.1335372388138259	0.1500773390473658
(-0.05,0.05]	3	180585	0.1773128486664542	1.9641587058820853	0.004622061709910062	0.16825360771503048	0.1863720896178779
(-0.05,0.05]	4	172624	0.15871468910045164	2.028364146638923	0.004881972598448413	0.14914602280749276	0.16828335539341052
(-0.05,0.05]	5	171516	0.2194898723549976	2.0511942633178766	0.004952841994506602	0.20978230204576465	0.22919744266423053
(-0.05,0.05]	6	169661	0.2906054013053713	2.1420580897815444	0.005200441710515217	0.2804125355527615	0.30079826705798113
(-0.05,0.05]	7	169111	0.38921508877559596	2.2048220883407774	0.005361516196415405	0.37870651703062175	0.3997236605205702
(-0.05,0.05]	8	159854	0.6966971919451939	2.4470354591985704	0.006120381709463937	0.6847012437946446	0.7086931400957431
(-0.05,0.05]	9	154408	0.909583473444347	2.52859398542497	0.0064349355528790725	0.896970999760704	0.9221959471279899
(-0.05,0.05]	10	148134	1.2053317327943718	2.7259041632907466	0.007082444955895892	1.1914501406808158	1.2192133249079278
(0.05,0.2]	1	64129	0.07736681920889528	1.8500938965508238	0.007305779098802094	0.06304749217524318	0.09168614624254738
(0.05,0.2]	2	64953	0.09321170693239338	1.9776662508737852	0.007759851226294644	0.07800239852885588	0.10842101533593088
(0.05,0.2]	3	65340	0.15475733541836406	2.1161064188998693	0.008278429211314959	0.13853161416418674	0.17098305667254138
(0.05,0.2]	4	64796	0.18436297146433017	2.1985798253482978	0.008637103822968664	0.1674342479713116	0.20129169495734875
(0.05,0.2]	5	63449	0.28357687233481355	2.28261496537652	0.009061920951156804	0.2658155072705462	0.3013382373990809
(0.05,0.2]	6	65614	0.40429443420436667	2.3322827688248764	0.009105062819890233	0.3864485110773818	0.4221403573313515
(0.05,0.2]	7	64491	0.5698861493695947	2.438312407742034	0.009601515626215454	0.5510671787422124	0.5887051199969769
(0.05,0.2]	8	66261	0.8769078492631545	2.5837046613148744	0.010037229995281585	0.8572348784724025	0.8965808200539064
(0.05,0.2]	9	66456	1.1721505502010956	2.692085739803553	0.010442916099742931	1.1516824346455994	1.1926186657565918
(0.05,0.2]	10	64774	1.4641329078600955	2.854153893240809	0.01121442543585111	1.4421526340058273	1.4861131817143638
(0.2,0.5]	1	14956	0.1543277378923712	1.9800059259474634	0.016190444111533475	0.12259446743376559	0.1860610083509768
(0.2,0.5]	2	15528	0.23348592423346126	2.1043353655668047	0.016887182344481073	0.20038704683827835	0.2665848016286442
(0.2,0.5]	3	16270	0.32528027496460754	2.263823129394796	0.017747971240973628	0.2904942513322992	0.36006629859691586
(0.2,0.5]	4	16432	0.5316904128828507	2.421199929551794	0.018887976749901524	0.4946699784530437	0.5687108473126576
(0.2,0.5]	5	16158	0.5613424313602837	2.457177224337894	0.019330481826696378	0.5234546869799588	0.5992301757406087
(0.2,0.5]	6	17065	0.7817876943258196	2.5633019591095887	0.019622151437802503	0.7433282775077267	0.8202471111439126
(0.2,0.5]	7	16718	1.0173906798865642	2.6411698434083957	0.020426980271516296	0.9773537985543922	1.057427561218736
(0.2,0.5]	8	17444	1.3290298088642931	2.7647014076151324	0.02093269736373314	1.2880017220313762	1.37005789569721
(0.2,0.5]	9	17789	1.7030434528225862	2.8821636619405493	0.021609408071147404	1.6606890130031373	1.745397892642035
(0.2,0.5]	10	16924	1.9885276534476648	2.9903220463400784	0.022986161535238008	1.9434747768385983	2.033580530056731
(0.5,1]	1	2123	0.3623382009623837	2.2421035857731706	0.048660960399946655	0.2669627185784883	0.45771368334627915
(0.5,1]	2	2149	0.6009026102624367	2.459911910383252	0.05306416656568742	0.49689684379368937	0.7049083767311841
(0.5,1]	3	2162	0.7785314519037927	2.5078191599879416	0.053934712902502825	0.6728194146148871	0.8842434891926982
(0.5,1]	4	2173	0.9594246186210816	2.644030230096546	0.056720043222065065	0.8482533339058341	1.0705959033363293
(0.5,1]	5	2089	1.0586615591721242	2.8186002163543544	0.06166862438799427	0.9377910553716555	1.179532062972593
(0.5,1]	6	2240	1.3969580358562648	2.8583515180673698	0.0603936986751088	1.2785863864530516	1.515329685259478
(0.5,1]	7	2195	1.5345653752511	2.886311680537049	0.06160641890795706	1.413816794191504	1.6553139563106958
(0.5,1]	8	2244	2.1653983941354706	3.060861492294839	0.06461483674747295	2.0387533141104237	2.2920434741605176
(0.5,1]	9	2173	2.2947827807695225	3.023016708250554	0.06485010511651194	2.1676765747411593	2.4218889867978857
(0.5,1]	10	1984	2.6930594762085205	3.2763507206480287	0.07355624509095385	2.548889235830251	2.83722971658679
(1,1.5]	1	133	1.0676315761822508	2.594034125784054	0.22493128517531383	0.6267662572386357	1.508496895125866
(1,1.5]	2	142	0.7770704250343301	2.5536214110353797	0.21429514842881778	0.3570519341138473	1.1970889159548128
(1,1.5]	3	137	1.2107080314597323	3.0040661280942085	0.2566546900824827	0.7076648388980662	1.7137512240213983
(1,1.5]	4	122	1.934247936526206	3.0504995636252374	0.2761792537951881	1.3929365990876375	2.4755592739647745
(1,1.5]	5	122	1.8700655619461153	3.417767557034276	0.3094301355760142	1.2635824962171274	2.476548627675103
(1,1.5]	6	109	1.6513211162965915	3.046523631580064	0.2918040412874784	1.079385195373134	2.223257037220049
(1,1.5]	7	156	2.504993590621803	3.4864408732200673	0.2791386701896626	1.9578817970500642	3.0521053841935415
(1,1.5]	8	92	3.527228264462042	3.1271937183209895	0.32603248290933307	2.8882045979597493	4.166251930964335
(1,1.5]	9	105	3.0639428598706475	3.103191699908936	0.30284050063144136	2.4703754786330223	3.6575102411082727
(1,1.5]	10	98	3.8753265339158935	3.388369571475725	0.34227701445094877	3.204463585592034	4.546189482239753
